220099680
220099680
220098779
220219100
221105245
221105245
221105245
221105245
223148719
226417799
226417799
226417799
226417799
226417799
226417799
226417799
226417799
226417799
240994138
242308833
242308833
242308833
242308833
242308833
242308833
242308833
242308833
242308833
242308833
242308833
242308833
242308833
242308833
242308833
242308833
242308833
242308833
275241548
281243312
281243312
281243312
281243312
281243312
281243312
281243312
281243312
281243312
281243312
281243312
281243312
281243312
281243312
281243312
281243312
281243312
281243312
281243312
281243312
281243312
281243312
281243312
281243312
281243312
281243312
281243312
281243312
281243312
281243312
281243312
281243312
281243312
281243312
281243312
281243312
281243312
341537722
367308655
367308655
367308655
367308655
367308655
367308655
367308655
367308655
367308655
367308655
367308655
367308655
367308655
367308655
367308655
367308655
367308655
367308655
367308655
367308655
367308655
367308655
367308655
367308655
367308655
