2.839000
2.362000
2.182000
2.140000
1.955000
1.958000
1.965000
1.966000
1.927000
1.835000
1.842000
1.864000
1.847000
1.833000
1.839000
1.840000
1.848000
1.837000
1.815000
1.828000
1.816000
1.828000
1.823000
1.822000
1.829000
1.809000
1.814000
1.830000
1.825000
1.828000
1.822000
1.821000
1.852000
1.839000
1.820000
1.836000
1.832000
1.919000
1.946000
1.945000
1.983000
1.967000
1.938000
1.947000
1.958000
1.950000
1.941000
1.940000
1.945000
1.941000
1.977000
1.923000
1.934000
1.923000
1.949000
1.975000
1.928000
1.936000
1.950000
1.949000
1.935000
1.943000
1.931000
1.963000
1.933000
1.926000
1.932000
1.938000
1.938000
1.965000
1.952000
1.946000
1.942000
1.944000
1.962000
2.207000
2.344000
2.326000
2.312000
2.316000
2.315000
2.309000
2.336000
2.320000
2.310000
2.317000
2.327000
2.312000
2.323000
2.346000
2.340000
2.324000
2.320000
2.328000
2.346000
2.300000
2.318000
2.327000
2.327000
2.307000
2.323000
