815024
815024
846096
849488
849488
937616
952880
952880
952880
952880
952880
1147760
1208816
1208816
1208816
1208816
1208816
1208816
1208816
1208816
1208816
1208816
1208816
1525616
1769840
1769840
1769840
1769840
1769840
1769840
1769840
1769840
1769840
1769840
1769840
1769840
1769840
1769840
1769840
1769840
1769840
1769840
1769840
1769840
1769840
1769840
1769840
1964144
2941040
2941040
2941040
2941040
2941040
2941040
2941040
2941040
2941040
2941040
2941040
2941040
2941040
2941040
2941040
2941040
2941040
2941040
2941040
2941040
2941040
2941040
2941040
2941040
2941040
2941040
2941040
2941040
2941040
2941040
2941040
2941040
2941040
2941040
2941040
2941040
2941040
2941040
2941040
2941040
2941040
2941040
2941040
2941040
2941040
2941040
2941040
2941040
3752048
5332592
5332592
5332592
5332592
