2.651000
2.147000
1.872000
1.865000
1.605000
1.577000
1.594000
1.596000
1.480000
1.413000
1.385000
1.363000
1.371000
1.379000
1.399000
1.378000
1.364000
1.388000
1.290000
1.274000
1.281000
1.279000
1.263000
1.264000
1.281000
1.309000
1.275000
1.269000
1.277000
1.268000
1.256000
1.259000
1.267000
1.304000
1.259000
1.269000
1.266000
1.216000
1.186000
1.182000
1.182000
1.186000
1.190000
1.178000
1.172000
1.224000
1.236000
1.232000
1.182000
1.183000
1.179000
1.180000
1.189000
1.179000
1.171000
1.189000
1.181000
1.200000
1.188000
1.196000
1.201000
1.199000
1.174000
1.185000
1.167000
1.192000
1.177000
1.173000
1.183000
1.175000
1.205000
1.168000
1.182000
1.168000
1.214000
1.119000
1.101000
1.091000
1.101000
1.108000
1.131000
1.118000
1.103000
1.112000
1.102000
1.127000
1.101000
1.107000
1.092000
1.106000
1.110000
1.113000
1.114000
1.097000
1.113000
1.128000
1.108000
1.201000
1.115000
1.119000
1.135000
