2.472000
1.949000
1.704000
1.647000
1.411000
1.411000
1.395000
1.408000
1.398000
1.237000
1.206000
1.228000
1.223000
1.258000
1.235000
1.262000
1.239000
1.250000
1.204000
1.104000
1.112000
1.101000
1.100000
1.127000
1.110000
1.124000
1.108000
1.118000
1.121000
1.145000
1.143000
1.127000
1.145000
1.125000
1.129000
1.122000
1.136000
1.068000
1.035000
1.024000
1.011000
1.031000
1.027000
1.033000
1.034000
1.053000
1.038000
1.037000
1.052000
1.034000
1.039000
1.074000
1.046000
1.025000
1.019000
1.029000
1.039000
1.042000
1.026000
1.028000
1.029000
1.037000
1.046000
1.030000
1.020000
1.026000
1.026000
1.044000
1.019000
1.035000
1.036000
1.040000
1.043000
1.029000
1.021000
0.986000
0.962000
0.985000
1.008000
1.030000
0.957000
0.960000
0.968000
0.962000
0.970000
0.985000
0.962000
0.957000
0.954000
0.972000
0.973000
0.960000
0.981000
0.972000
1.036000
0.970000
0.967000
0.971000
0.952000
0.965000
0.998000
