2.460000
1.901000
1.679000
1.634000
1.385000
1.391000
1.401000
1.391000
1.331000
1.921000
1.268000
1.261000
1.283000
2.415000
1.420000
1.301000
1.378000
1.204000
1.108000
1.114000
1.148000
1.126000
1.117000
1.126000
1.113000
1.110000
1.086000
1.083000
1.095000
1.097000
1.119000
1.107000
1.122000
1.139000
1.087000
1.093000
1.099000
1.050000
1.036000
1.037000
1.033000
1.033000
1.056000
1.029000
1.030000
1.038000
1.033000
1.038000
1.046000
1.027000
1.031000
1.026000
1.042000
1.042000
1.052000
1.035000
1.035000
1.027000
1.014000
1.033000
1.011000
1.059000
1.036000
1.042000
1.028000
1.039000
1.037000
1.092000
1.037000
1.022000
1.025000
1.049000
1.042000
1.043000
1.043000
1.002000
0.993000
0.976000
0.972000
0.966000
0.966000
0.963000
0.965000
0.962000
0.966000
0.986000
0.968000
0.964000
0.973000
0.963000
1.003000
0.991000
0.971000
0.972000
0.956000
0.965000
0.957000
0.971000
0.984000
0.962000
0.974000
