2.448000
1.931000
1.712000
1.656000
1.408000
1.416000
1.381000
1.387000
1.284000
1.202000
1.224000
1.241000
1.239000
1.229000
1.232000
1.226000
1.202000
1.201000
1.093000
1.131000
1.145000
1.144000
1.120000
1.133000
1.152000
1.120000
1.122000
1.125000
1.114000
1.130000
1.137000
1.134000
1.106000
1.164000
1.168000
1.100000
1.105000
1.042000
1.015000
1.000000
1.029000
1.003000
1.032000
1.024000
1.039000
1.017000
1.014000
1.018000
1.017000
1.050000
1.026000
1.029000
1.038000
1.035000
1.034000
1.046000
1.032000
1.024000
1.014000
1.049000
1.031000
1.034000
1.031000
1.034000
1.036000
1.059000
1.041000
1.021000
1.034000
1.041000
1.020000
1.019000
1.037000
1.033000
1.039000
1.003000
0.969000
0.978000
0.960000
0.955000
0.959000
0.972000
0.971000
0.983000
0.997000
0.967000
0.969000
0.953000
0.956000
0.961000
0.957000
0.961000
0.957000
0.983000
0.961000
0.967000
0.968000
0.985000
1.016000
0.998000
0.966000
