118788160
118788160
117176768
116691008
113468224
113468224
113468224
113468224
111525184
109273920
109273920
109273920
109273920
109273920
109273920
109273920
109273920
109273920
104902080
104555328
104555328
104555328
104555328
104555328
104555328
104555328
104555328
104555328
104555328
104555328
104555328
104555328
104555328
104555328
104555328
104555328
104555328
100530240
99798208
99798208
99798208
99798208
99798208
99798208
99798208
99798208
99798208
99798208
99798208
99798208
99798208
99798208
99798208
99798208
99798208
99798208
99798208
99798208
99798208
99798208
99798208
99798208
99798208
99798208
99798208
99798208
99798208
99798208
99798208
99798208
99798208
99798208
99798208
99798208
99798208
96374080
94910016
94910016
94910016
94910016
94910016
94910016
94910016
94910016
94910016
94910016
94910016
94910016
94910016
94910016
94910016
94910016
94910016
94910016
94910016
94910016
94910016
94910016
94910016
94910016
94910016
