2.605000
2.012000
1.942000
1.677000
1.502000
1.375000
1.399000
1.441000
1.305000
1.214000
1.227000
1.211000
1.218000
1.219000
1.217000
1.224000
1.208000
1.211000
1.122000
1.108000
1.110000
1.117000
1.099000
1.124000
1.114000
1.101000
1.102000
1.089000
1.114000
1.105000
1.102000
1.098000
1.110000
1.121000
1.155000
1.121000
1.108000
1.037000
1.021000
1.031000
1.030000
1.031000
1.033000
1.036000
1.032000
1.031000
1.033000
1.042000
1.031000
1.032000
1.041000
1.032000
1.030000
1.026000
1.039000
1.020000
1.019000
1.019000
1.023000
1.023000
1.028000
1.036000
1.024000
1.026000
1.013000
0.998000
1.022000
1.008000
0.997000
1.000000
1.011000
1.012000
1.017000
1.027000
1.020000
0.962000
0.958000
0.941000
0.955000
0.945000
0.944000
0.954000
0.948000
0.955000
0.954000
0.975000
0.961000
0.959000
0.965000
0.962000
0.967000
0.959000
0.961000
0.970000
0.884000
0.960000
0.961000
0.976000
0.959000
0.960000
0.952000
