2.474000
1.930000
1.727000
1.652000
1.433000
1.407000
1.397000
1.400000
1.309000
1.219000
1.224000
1.218000
1.243000
1.223000
1.230000
1.215000
1.231000
1.225000
1.122000
1.128000
1.117000
1.115000
1.133000
1.110000
1.138000
1.111000
1.109000
1.109000
1.109000
1.117000
1.121000
1.119000
1.128000
1.113000
1.131000
1.119000
1.116000
1.055000
1.036000
1.045000
1.041000
1.029000
1.057000
1.068000
1.067000
1.102000
1.038000
1.048000
1.036000
1.056000
1.035000
1.044000
1.038000
1.039000
1.036000
1.045000
1.059000
1.037000
1.040000
1.043000
1.042000
1.033000
1.040000
1.031000
1.038000
1.047000
1.051000
1.033000
1.044000
1.032000
1.021000
1.037000
1.041000
1.051000
1.052000
0.985000
0.966000
0.973000
0.966000
0.958000
0.958000
0.974000
0.965000
0.969000
0.971000
0.956000
0.961000
0.960000
0.973000
0.962000
0.956000
0.973000
0.971000
0.984000
0.967000
0.968000
0.971000
0.974000
0.962000
0.965000
1.033000
