2.675000
2.098000
1.902000
1.805000
1.603000
1.575000
1.556000
1.586000
1.460000
1.462000
1.412000
1.379000
1.364000
1.367000
1.359000
1.368000
1.357000
1.363000
1.272000
1.277000
1.235000
1.314000
1.287000
1.254000
1.287000
1.256000
1.263000
1.265000
1.267000
1.262000
1.245000
1.264000
1.259000
1.256000
1.245000
1.271000
1.280000
1.181000
1.195000
1.164000
1.176000
1.167000
1.164000
1.185000
1.158000
1.241000
1.171000
1.149000
1.218000
1.190000
1.176000
1.144000
1.172000
1.229000
1.181000
1.191000
1.185000
1.183000
1.184000
1.184000
1.187000
1.185000
1.170000
1.177000
1.169000
1.173000
1.163000
1.174000
1.179000
1.205000
1.176000
1.162000
1.181000
1.160000
1.170000
1.133000
1.090000
1.111000
1.099000
1.088000
1.127000
1.098000
1.095000
1.081000
1.083000
1.095000
1.089000
1.087000
1.099000
1.075000
1.099000
1.082000
1.097000
1.085000
1.087000
1.111000
1.093000
1.095000
1.079000
1.073000
1.095000
