2.414000
1.872000
1.663000
1.588000
1.353000
1.379000
1.353000
1.353000
1.288000
1.177000
1.182000
1.177000
1.194000
1.180000
1.174000
1.190000
1.176000
1.176000
1.076000
1.070000
1.070000
1.065000
1.066000
1.067000
1.063000
1.064000
1.080000
1.067000
1.072000
1.067000
1.067000
1.073000
1.061000
1.098000
1.077000
1.065000
1.063000
1.001000
0.991000
0.990000
1.001000
0.985000
0.994000
0.989000
0.994000
0.991000
0.993000
0.989000
0.986000
0.987000
0.999000
0.988000
0.984000
0.994000
0.982000
0.984000
0.995000
0.987000
0.998000
0.986000
0.998000
0.982000
0.990000
0.990000
0.994000
0.994000
0.992000
0.987000
1.001000
0.995000
0.995000
0.984000
1.000000
0.992000
0.988000
0.932000
0.930000
0.915000
0.915000
0.922000
0.915000
0.912000
0.912000
0.917000
0.914000
0.923000
0.944000
0.918000
0.920000
0.923000
0.914000
0.926000
0.915000
0.919000
0.914000
0.927000
0.932000
0.920000
0.914000
0.914000
0.916000
