2.468000
1.915000
1.708000
1.643000
1.397000
1.403000
1.422000
1.403000
1.305000
1.222000
1.216000
1.208000
1.225000
1.218000
1.220000
1.563000
1.310000
1.298000
1.351000
2.003000
1.663000
1.198000
1.999000
1.438000
1.240000
1.427000
1.392000
1.290000
1.144000
1.317000
1.386000
1.192000
1.352000
1.631000
1.602000
1.311000
1.875000
1.861000
1.866000
1.299000
1.001000
1.006000
1.010000
1.020000
1.017000
1.038000
1.394000
1.949000
1.626000
1.628000
0.978000
0.984000
0.983000
0.986000
0.995000
0.994000
0.982000
0.985000
0.987000
0.984000
0.984000
0.982000
0.983000
0.983000
0.984000
1.304000
1.019000
1.041000
1.030000
1.035000
1.044000
0.996000
0.983000
0.981000
0.990000
0.962000
0.950000
0.926000
0.926000
0.925000
0.914000
0.912000
0.909000
0.913000
0.916000
0.927000
0.945000
0.939000
0.911000
0.931000
0.913000
0.920000
0.916000
0.923000
0.916000
0.912000
0.916000
0.912000
0.931000
0.911000
0.916000
