2.474000
1.932000
1.736000
1.632000
1.416000
1.410000
1.409000
1.416000
1.319000
1.222000
1.226000
1.219000
1.218000
1.259000
1.243000
1.230000
1.253000
1.222000
1.138000
1.123000
1.117000
1.112000
1.118000
1.115000
1.123000
1.112000
1.126000
1.115000
1.138000
1.115000
1.119000
1.165000
1.137000
1.128000
1.129000
1.121000
1.119000
1.052000
1.040000
1.030000
1.048000
1.049000
1.045000
1.072000
1.045000
1.045000
1.047000
1.035000
1.061000
1.038000
1.044000
1.047000
1.052000
1.053000
1.046000
1.043000
1.047000
1.042000
1.032000
1.041000
1.059000
1.036000
1.037000
1.050000
1.042000
1.041000
1.036000
1.059000
1.040000
1.043000
1.054000
1.066000
1.028000
1.045000
1.048000
0.995000
0.971000
0.969000
0.967000
0.973000
0.974000
0.962000
0.965000
0.968000
0.975000
0.986000
0.972000
0.975000
0.979000
0.978000
0.967000
0.975000
0.966000
0.983000
0.988000
0.988000
0.966000
0.965000
0.977000
0.962000
0.979000
