2.475000
1.914000
1.700000
1.621000
1.407000
1.388000
1.418000
1.372000
1.318000
1.228000
1.219000
1.217000
1.222000
1.224000
1.244000
1.232000
1.217000
1.219000
1.112000
1.109000
1.106000
1.105000
1.117000
1.113000
1.106000
1.111000
1.124000
1.130000
1.111000
1.112000
1.099000
1.158000
1.103000
1.109000
1.110000
1.111000
1.140000
1.061000
1.035000
1.033000
1.043000
1.048000
1.031000
1.034000
1.030000
1.041000
1.045000
1.054000
1.037000
1.058000
1.042000
1.038000
1.036000
1.021000
1.034000
1.025000
1.029000
1.039000
1.059000
1.045000
1.029000
1.030000
1.021000
1.035000
1.036000
1.028000
1.036000
1.041000
1.040000
1.042000
1.029000
1.018000
1.015000
1.020000
1.022000
0.993000
0.948000
0.975000
0.938000
0.955000
0.957000
0.947000
0.930000
0.940000
0.943000
0.920000
0.919000
0.943000
0.919000
0.935000
0.922000
0.926000
0.934000
0.941000
0.946000
0.925000
0.945000
0.929000
0.969000
0.944000
0.948000
