2.472000
1.929000
1.733000
1.673000
1.411000
1.430000
1.417000
1.441000
1.336000
1.255000
1.223000
1.276000
1.235000
1.235000
1.227000
1.236000
1.222000
1.226000
1.135000
1.121000
1.124000
1.129000
1.127000
1.160000
1.123000
1.110000
1.142000
1.123000
1.126000
1.133000
1.116000
1.121000
1.128000
1.127000
1.134000
1.119000
1.142000
1.067000
1.059000
1.042000
1.043000
1.045000
1.050000
1.037000
1.054000
1.057000
1.040000
1.049000
1.042000
1.040000
1.032000
1.051000
1.040000
1.058000
1.037000
1.056000
1.037000
1.059000
1.037000
1.049000
1.053000
1.051000
1.050000
1.040000
1.055000
1.044000
1.041000
1.056000
1.040000
1.026000
1.043000
1.033000
1.044000
1.046000
1.051000
1.027000
0.988000
0.982000
0.972000
0.999000
0.998000
0.968000
0.984000
0.976000
0.972000
0.975000
0.975000
0.958000
0.965000
0.984000
0.970000
0.962000
0.971000
0.992000
0.983000
0.968000
0.986000
0.969000
0.994000
0.975000
0.971000
