2.738000
2.108000
1.865000
1.806000
1.564000
1.548000
1.573000
1.551000
1.462000
1.400000
1.376000
1.363000
1.376000
1.357000
1.378000
1.372000
1.394000
1.382000
1.260000
1.273000
1.269000
1.257000
1.246000
1.260000
1.273000
1.250000
1.405000
1.584000
1.174000
1.125000
1.159000
1.656000
1.107000
1.118000
1.166000
1.105000
1.116000
1.054000
1.046000
1.052000
1.040000
1.053000
1.040000
1.038000
1.042000
1.077000
1.047000
1.529000
1.324000
1.039000
1.057000
1.183000
1.012000
1.030000
1.027000
1.036000
1.036000
1.012000
1.012000
1.007000
1.048000
1.055000
1.049000
1.030000
1.046000
1.035000
1.049000
1.047000
1.056000
1.073000
1.055000
1.026000
1.032000
1.035000
1.051000
0.986000
0.986000
0.999000
0.970000
0.968000
0.992000
0.979000
0.980000
0.984000
0.973000
1.029000
1.010000
0.971000
0.978000
0.997000
0.971000
0.966000
0.992000
0.988000
0.977000
0.973000
0.977000
0.966000
0.960000
0.970000
0.988000
