2.493000
1.927000
1.720000
1.635000
1.413000
1.416000
1.407000
1.421000
1.316000
1.225000
1.225000
1.242000
1.233000
1.226000
1.217000
1.231000
1.248000
1.215000
1.131000
1.113000
1.125000
1.133000
1.113000
1.111000
1.123000
1.112000
1.119000
1.128000
1.125000
1.127000
1.124000
1.118000
1.117000
1.113000
1.104000
1.123000
1.110000
1.042000
1.036000
1.024000
1.032000
1.025000
1.030000
1.044000
1.031000
1.029000
1.035000
1.043000
1.020000
1.028000
1.023000
1.029000
1.062000
1.046000
1.031000
1.049000
1.032000
1.057000
1.044000
1.035000
1.036000
1.039000
1.048000
1.042000
1.055000
1.029000
1.040000
1.030000
1.036000
1.153000
1.037000
1.028000
1.029000
1.021000
1.032000
0.988000
0.964000
0.965000
0.961000
0.969000
0.960000
0.958000
0.964000
0.952000
0.967000
0.975000
0.944000
0.942000
0.965000
1.062000
0.925000
0.933000
0.940000
0.910000
0.912000
0.913000
0.907000
1.298000
1.007000
0.979000
1.000000
