2.474000
1.926000
1.707000
1.644000
1.410000
1.426000
1.405000
1.413000
1.317000
1.253000
1.239000
1.235000
1.230000
1.260000
1.245000
1.225000
1.224000
1.221000
1.125000
1.115000
1.128000
1.119000
1.131000
1.122000
1.131000
1.150000
1.136000
1.131000
1.136000
1.117000
1.116000
1.118000
1.121000
1.165000
1.120000
1.139000
1.118000
1.048000
1.076000
1.040000
1.050000
1.047000
1.042000
1.033000
1.047000
1.052000
1.052000
1.038000
1.035000
1.058000
1.042000
1.046000
1.040000
1.038000
1.137000
1.160000
1.085000
1.087000
1.036000
1.048000
1.042000
1.054000
1.065000
1.041000
1.046000
1.050000
1.038000
1.029000
1.035000
1.022000
1.032000
1.062000
1.030000
1.026000
1.031000
0.981000
0.961000
0.975000
0.961000
0.974000
0.966000
0.963000
0.973000
0.988000
0.958000
0.948000
0.964000
0.971000
0.968000
0.953000
0.974000
0.951000
0.996000
0.944000
1.024000
0.962000
0.956000
0.963000
0.974000
0.979000
0.971000
