2.443000
1.867000
1.660000
1.582000
1.358000
1.348000
1.349000
1.370000
1.282000
1.169000
1.170000
1.173000
1.167000
1.170000
1.170000
1.168000
1.175000
1.168000
1.079000
1.074000
1.083000
1.069000
1.073000
1.075000
1.063000
1.073000
1.066000
1.063000
1.061000
1.062000
1.064000
1.063000
1.071000
1.064000
1.070000
1.065000
1.065000
0.997000
0.980000
0.989000
0.989000
0.985000
0.982000
0.982000
0.985000
0.980000
0.981000
0.996000
0.983000
0.988000
0.986000
0.991000
0.994000
0.989000
0.989000
0.988000
1.003000
0.989000
0.992000
0.982000
0.994000
0.983000
0.987000
0.983000
0.981000
0.992000
0.981000
0.984000
0.979000
0.987000
0.983000
0.988000
0.982000
0.977000
0.979000
0.935000
0.955000
0.916000
0.914000
0.925000
0.920000
0.927000
0.915000
0.913000
0.926000
0.910000
0.917000
0.917000
0.909000
0.908000
0.916000
0.941000
0.916000
0.929000
0.918000
0.912000
0.918000
0.913000
0.915000
0.913000
0.920000
