220101167
220101167
220100559
220220741
221106493
221106493
221106493
221106493
223150920
226416230
226416230
226416230
226416230
226416230
226416230
226416230
226416230
226416230
241008514
242317421
242317421
242317421
242317421
242317421
242317421
242317421
242317421
242317421
242317421
242317421
242317421
242317421
242317421
242317421
242317421
242317421
242317421
275260222
281276009
281276009
281276009
281276009
281276009
281276009
281276009
281276009
281276009
281276009
281276009
281276009
281276009
281276009
281276009
281276009
281276009
281276009
281276009
281276009
281276009
281276009
281276009
281276009
281276009
281276009
281276009
281276009
281276009
281276009
281276009
281276009
281276009
281276009
281276009
281276009
281276009
341555903
367371758
367371758
367371758
367371758
367371758
367371758
367371758
367371758
367371758
367371758
367371758
367371758
367371758
367371758
367371758
367371758
367371758
367371758
367371758
367371758
367371758
367371758
367371758
367371758
367371758
