220100638
220100638
220101022
220221331
221105716
221105716
221105716
221105716
223150912
226413966
226413966
226413966
226413966
226413966
226413966
226413966
226413966
226413966
241005001
242314575
242314575
242314575
242314575
242314575
242314575
242314575
242314575
242314575
242314575
242314575
242314575
242314575
242314575
242314575
242314575
242314575
242314575
275240252
281236041
281236041
281236041
281236041
281236041
281236041
281236041
281236041
281236041
281236041
281236041
281236041
281236041
281236041
281236041
281236041
281236041
281236041
281236041
281236041
281236041
281236041
281236041
281236041
281236041
281236041
281236041
281236041
281236041
281236041
281236041
281236041
281236041
281236041
281236041
281236041
281236041
341519526
367334365
367334365
367334365
367334365
367334365
367334365
367334365
367334365
367334365
367334365
367334365
367334365
367334365
367334365
367334365
367334365
367334365
367334365
367334365
367334365
367334365
367334365
367334365
367334365
367334365
