220101339
220101339
220100629
220223213
221112054
221112054
221112054
221112054
223156414
226421531
226421531
226421531
226421531
226421531
226421531
226421531
226421531
226421531
241007908
242325358
242325358
242325358
242325358
242325358
242325358
242325358
242325358
242325358
242325358
242325358
242325358
242325358
242325358
242325358
242325358
242325358
242325358
275267531
281278371
281278371
281278371
281278371
281278371
281278371
281278371
281278371
281278371
281278371
281278371
281278371
281278371
281278371
281278371
281278371
281278371
281278371
281278371
281278371
281278371
281278371
281278371
281278371
281278371
281278371
281278371
281278371
281278371
281278371
281278371
281278371
281278371
281278371
281278371
281278371
281278371
341557633
367309927
367309927
367309927
367309927
367309927
367309927
367309927
367309927
367309927
367309927
367309927
367309927
367309927
367309927
367309927
367309927
367309927
367309927
367309927
367309927
367309927
367309927
367309927
367309927
367309927
