220100540
220100540
220099001
220218729
221105016
221105016
221105016
221105016
223148425
226420727
226420727
226420727
226420727
226420727
226420727
226420727
226420727
226420727
241007656
242318742
242318742
242318742
242318742
242318742
242318742
242318742
242318742
242318742
242318742
242318742
242318742
242318742
242318742
242318742
242318742
242318742
242318742
275239226
281246252
281246252
281246252
281246252
281246252
281246252
281246252
281246252
281246252
281246252
281246252
281246252
281246252
281246252
281246252
281246252
281246252
281246252
281246252
281246252
281246252
281246252
281246252
281246252
281246252
281246252
281246252
281246252
281246252
281246252
281246252
281246252
281246252
281246252
281246252
281246252
281246252
341523022
367311671
367311671
367311671
367311671
367311671
367311671
367311671
367311671
367311671
367311671
367311671
367311671
367311671
367311671
367311671
367311671
367311671
367311671
367311671
367311671
367311671
367311671
367311671
367311671
367311671
