3.281000
3.016000
2.659000
2.557000
2.424000
2.311000
2.843000
2.638000
2.282000
2.102000
2.135000
2.161000
2.104000
2.280000
2.207000
2.447000
2.546000
2.236000
2.182000
2.254000
2.178000
2.152000
2.236000
2.109000
2.098000
2.110000
2.061000
1.955000
2.016000
2.021000
2.044000
2.060000
2.014000
2.099000
2.113000
2.039000
2.076000
2.257000
2.221000
2.196000
2.233000
2.237000
2.335000
2.289000
2.292000
2.231000
2.331000
2.370000
2.329000
2.393000
2.507000
2.452000
2.352000
2.360000
2.276000
2.294000
2.339000
2.249000
2.261000
2.329000
2.336000
2.281000
2.327000
2.362000
2.321000
2.191000
2.230000
2.326000
2.285000
2.277000
2.333000
2.327000
2.294000
2.357000
2.570000
2.767000
2.831000
2.748000
2.880000
2.793000
2.718000
2.824000
2.656000
2.731000
2.743000
2.764000
2.732000
2.830000
2.711000
2.825000
2.782000
2.748000
2.760000
2.661000
2.765000
2.786000
2.661000
2.720000
2.722000
2.760000
2.817000
