2.738000
2.325000
2.130000
2.076000
1.896000
1.906000
1.913000
1.898000
1.851000
1.784000
1.797000
1.773000
1.796000
1.785000
1.776000
1.796000
1.790000
1.792000
1.763000
1.766000
1.762000
1.776000
1.769000
1.762000
1.758000
1.764000
1.767000
1.770000
1.768000
1.751000
1.763000
1.770000
1.778000
1.769000
1.769000
1.772000
1.777000
1.886000
1.888000
1.899000
1.878000
1.871000
1.884000
1.884000
1.884000
1.889000
1.880000
1.875000
1.895000
1.881000
1.876000
1.880000
1.880000
1.875000
1.885000
1.884000
1.885000
1.884000
1.882000
1.874000
1.884000
1.882000
1.876000
1.877000
1.883000
1.908000
1.898000
1.881000
1.902000
1.884000
1.977000
1.917000
1.896000
1.893000
1.901000
2.131000
2.251000
2.246000
2.249000
2.245000
2.246000
2.243000
2.239000
2.235000
2.233000
2.238000
2.229000
2.231000
2.232000
2.243000
2.249000
2.238000
2.242000
2.235000
2.236000
2.237000
2.228000
2.243000
2.229000
2.243000
2.245000
