3.965000
3.284000
2.935000
2.993000
2.707000
2.760000
2.688000
2.734000
2.709000
2.660000
2.569000
2.642000
2.616000
2.597000
2.661000
2.547000
2.921000
2.012000
1.838000
1.848000
1.803000
1.811000
1.797000
1.791000
1.807000
1.796000
1.788000
1.798000
1.810000
1.792000
1.800000
1.786000
1.781000
1.799000
1.801000
1.794000
1.785000
1.874000
1.905000
1.907000
1.889000
1.893000
1.899000
1.902000
1.899000
1.901000
1.912000
1.894000
1.912000
1.888000
1.912000
2.764000
2.438000
2.444000
2.655000
2.646000
2.413000
2.459000
2.638000
2.453000
2.482000
2.334000
4.090000
11.079000
4.788000
3.318000
3.187000
5.670000
4.856000
2.883000
2.524000
2.687000
2.232000
2.317000
2.347000
2.633000
2.642000
2.601000
2.685000
2.667000
2.700000
2.637000
2.695000
2.628000
2.596000
2.631000
2.745000
2.692000
2.708000
2.821000
2.813000
2.629000
2.652000
2.709000
2.687000
2.763000
2.848000
2.865000
2.873000
3.174000
2.973000
