2.749000
2.302000
2.128000
2.071000
1.957000
1.910000
1.924000
1.929000
1.883000
1.796000
1.802000
1.783000
1.792000
1.791000
1.792000
1.812000
1.795000
1.776000
1.762000
1.781000
1.766000
1.763000
1.767000
1.769000
1.762000
1.747000
1.763000
1.756000
1.772000
1.763000
1.762000
1.753000
1.754000
1.767000
1.763000
1.771000
1.766000
1.869000
1.867000
1.877000
1.874000
1.879000
1.880000
1.887000
1.874000
1.869000
1.876000
1.873000
1.893000
1.877000
1.873000
1.869000
1.891000
1.901000
1.886000
1.893000
1.879000
1.885000
1.888000
1.876000
1.889000
1.884000
1.902000
1.898000
1.891000
1.891000
1.894000
1.890000
1.894000
1.908000
1.884000
1.886000
1.878000
1.883000
1.882000
2.132000
2.244000
2.244000
2.251000
2.240000
2.247000
2.236000
2.251000
2.242000
2.239000
2.239000
2.225000
2.245000
2.238000
2.242000
2.247000
2.234000
2.242000
2.236000
2.246000
2.235000
2.235000
2.244000
2.210000
2.415000
2.255000
