2.745000
2.321000
2.133000
2.113000
1.910000
1.898000
1.890000
1.907000
1.885000
1.796000
1.806000
1.792000
1.798000
1.778000
1.776000
1.791000
1.795000
1.787000
1.773000
1.781000
1.770000
1.770000
1.777000
1.766000
1.772000
1.767000
1.776000
1.774000
1.781000
1.770000
1.778000
1.788000
1.781000
1.771000
1.760000
1.778000
1.772000
1.876000
1.889000
1.896000
1.900000
1.889000
1.884000
1.900000
1.896000
1.893000
1.903000
1.890000
1.890000
1.889000
1.906000
1.888000
1.898000
1.881000
1.889000
1.885000
1.879000
1.881000
1.884000
1.903000
1.893000
1.901000
1.904000
1.888000
1.887000
1.903000
1.930000
1.900000
1.904000
1.940000
1.902000
1.902000
1.900000
1.905000
1.907000
2.139000
2.256000
2.240000
2.243000
2.242000
2.242000
2.249000
2.241000
2.240000
2.250000
2.245000
2.231000
2.235000
2.226000
2.242000
2.265000
2.239000
2.252000
2.228000
2.223000
2.239000
2.248000
2.231000
2.242000
2.241000
2.239000
