2.792000
2.319000
2.148000
2.103000
1.928000
1.915000
1.911000
1.913000
1.869000
1.800000
1.806000
1.810000
1.800000
1.798000
1.803000
1.799000
1.791000
1.812000
1.791000
1.765000
1.775000
1.847000
1.783000
1.773000
1.787000
1.796000
1.808000
1.781000
1.773000
1.773000
1.804000
1.774000
1.789000
1.774000
1.778000
1.785000
1.772000
1.898000
1.913000
1.891000
1.884000
1.909000
1.897000
1.902000
1.898000
1.895000
1.896000
1.901000
1.890000
1.893000
1.891000
1.875000
1.897000
1.881000
1.912000
1.891000
1.900000
1.901000
1.889000
1.885000
1.902000
1.895000
1.944000
1.924000
1.888000
1.886000
1.902000
1.889000
1.877000
1.899000
1.897000
1.881000
1.897000
1.915000
1.913000
2.144000
2.246000
2.256000
2.231000
2.229000
2.238000
2.229000
2.240000
2.223000
2.238000
2.239000
2.243000
2.251000
2.241000
2.258000
2.235000
2.241000
2.229000
2.245000
2.237000
2.237000
2.238000
2.252000
2.258000
2.236000
2.245000
