2.695000
2.128000
1.944000
1.847000
1.581000
1.596000
1.582000
1.575000
1.478000
1.390000
1.384000
1.376000
1.395000
1.383000
1.403000
1.370000
1.537000
1.525000
1.321000
1.286000
1.259000
1.272000
1.283000
1.274000
1.290000
1.290000
1.259000
1.265000
1.271000
1.289000
1.272000
1.265000
1.294000
1.293000
1.266000
1.277000
1.288000
1.192000
1.192000
1.200000
1.184000
1.182000
1.188000
1.185000
1.183000
1.182000
1.185000
1.201000
1.196000
1.176000
1.188000
1.205000
1.200000
1.248000
1.209000
1.174000
1.170000
1.173000
1.170000
1.196000
1.168000
1.178000
1.155000
1.182000
1.178000
1.167000
1.166000
1.207000
1.171000
1.172000
1.190000
1.182000
1.192000
1.184000
1.216000
1.120000
1.108000
1.103000
1.102000
1.113000
1.096000
1.097000
1.097000
1.119000
1.200000
1.094000
1.122000
1.116000
1.086000
1.097000
1.116000
1.112000
1.093000
1.095000
1.103000
1.096000
1.115000
1.098000
1.094000
1.083000
1.098000
