2.652000
2.095000
1.891000
1.810000
1.541000
1.541000
1.542000
1.534000
1.497000
1.355000
1.344000
1.344000
1.378000
1.354000
1.349000
1.418000
1.349000
1.367000
1.302000
1.337000
1.358000
1.253000
1.263000
1.312000
1.283000
1.262000
1.266000
1.255000
1.246000
1.274000
1.355000
1.249000
1.261000
1.244000
1.249000
1.253000
1.240000
1.198000
1.177000
1.178000
1.183000
1.186000
1.169000
1.165000
1.179000
1.169000
1.165000
1.165000
1.175000
1.150000
1.170000
1.144000
1.189000
1.171000
1.178000
1.154000
1.179000
1.168000
1.164000
1.151000
1.171000
1.174000
1.150000
1.202000
1.160000
1.168000
1.150000
1.168000
1.184000
1.199000
1.162000
1.171000
1.166000
1.179000
1.181000
1.117000
1.095000
1.123000
1.091000
1.095000
1.098000
1.100000
1.103000
1.106000
1.094000
1.100000
1.136000
1.090000
1.092000
1.105000
1.104000
1.091000
1.098000
1.093000
1.083000
1.104000
1.128000
1.105000
1.081000
1.084000
1.091000
