2.476000
1.902000
1.697000
1.622000
1.389000
1.384000
1.411000
1.432000
1.307000
1.202000
1.204000
1.211000
1.204000
1.237000
1.220000
1.215000
1.195000
1.204000
1.100000
1.110000
1.102000
1.108000
1.131000
1.105000
1.102000
1.100000
1.124000
1.108000
1.103000
1.103000
1.145000
1.185000
1.193000
1.173000
1.133000
1.106000
1.094000
1.016000
0.999000
1.000000
1.006000
1.008000
1.014000
1.015000
1.004000
1.003000
1.013000
1.012000
1.042000
1.014000
1.022000
1.034000
1.029000
1.033000
1.037000
1.043000
1.015000
1.023000
1.074000
1.077000
1.023000
1.054000
1.042000
1.011000
1.055000
1.059000
1.028000
1.312000
1.119000
1.116000
1.090000
1.010000
1.021000
1.023000
1.044000
1.014000
0.935000
0.940000
0.958000
0.954000
0.955000
0.965000
0.961000
0.967000
0.976000
0.991000
0.967000
0.963000
0.969000
0.968000
0.975000
0.979000
0.966000
0.973000
0.959000
0.946000
0.962000
0.964000
0.986000
0.966000
0.966000
