2.487000
1.943000
1.725000
1.655000
1.403000
1.435000
1.419000
1.427000
1.325000
1.226000
1.225000
1.250000
1.245000
1.232000
1.241000
1.238000
1.243000
1.227000
1.133000
1.120000
1.131000
1.124000
1.121000
1.108000
1.126000
1.145000
1.104000
1.129000
1.121000
1.126000
1.137000
1.118000
1.114000
1.118000
1.117000
1.111000
1.171000
1.082000
1.054000
1.037000
1.044000
1.049000
1.045000
1.044000
1.049000
1.042000
1.044000
1.076000
1.040000
1.041000
1.060000
1.047000
1.052000
1.054000
1.041000
1.039000
1.038000
1.042000
1.031000
1.045000
1.039000
1.036000
1.039000
1.034000
1.059000
1.047000
1.043000
1.040000
1.080000
1.044000
1.041000
1.047000
1.052000
1.031000
1.054000
0.985000
0.969000
0.961000
0.966000
0.960000
0.985000
0.964000
0.973000
0.962000
0.970000
0.969000
0.969000
0.976000
0.967000
0.969000
0.990000
0.965000
0.970000
0.963000
0.989000
0.983000
0.973000
0.966000
0.982000
0.967000
0.967000
