2.709000
2.107000
1.866000
1.831000
1.582000
1.580000
1.572000
1.583000
1.450000
1.415000
1.367000
1.357000
1.370000
1.367000
1.371000
1.372000
1.368000
1.372000
1.266000
1.307000
1.261000
1.272000
1.252000
1.250000
1.260000
1.252000
1.251000
1.267000
1.257000
1.252000
1.252000
1.286000
1.293000
1.262000
1.244000
1.268000
1.263000
1.181000
1.180000
1.157000
1.214000
1.168000
1.189000
1.170000
1.180000
1.182000
1.180000
1.172000
1.181000
1.158000
1.165000
1.164000
1.168000
1.183000
1.183000
1.205000
1.172000
1.174000
1.174000
1.171000
1.182000
1.161000
1.164000
1.153000
1.178000
1.179000
1.168000
1.208000
1.165000
1.158000
1.193000
1.159000
1.163000
1.161000
1.159000
1.103000
1.091000
1.111000
1.084000
1.093000
1.089000
1.106000
1.117000
1.083000
1.083000
1.066000
1.102000
1.096000
1.098000
1.075000
1.099000
1.173000
1.103000
1.112000
1.097000
1.106000
1.094000
1.091000
1.097000
1.088000
1.112000
