2.466000
2.074000
1.775000
1.675000
1.490000
1.438000
1.446000
1.461000
1.410000
1.262000
1.235000
1.278000
1.242000
1.261000
1.242000
1.253000
1.274000
1.272000
1.134000
1.119000
1.125000
1.118000
1.116000
1.120000
1.128000
1.123000
1.113000
1.136000
1.126000
1.114000
2.377000
2.010000
1.327000
1.324000
1.626000
1.373000
1.279000
1.234000
1.199000
1.199000
1.185000
1.174000
1.194000
1.181000
1.188000
1.184000
1.185000
1.212000
1.177000
1.179000
1.190000
1.182000
1.171000
1.180000
1.196000
1.176000
1.211000
1.181000
1.199000
1.173000
1.174000
1.185000
1.176000
1.178000
1.180000
1.219000
1.219000
1.178000
1.197000
1.191000
1.195000
1.187000
1.183000
1.199000
1.191000
1.113000
1.113000
1.101000
1.106000
1.115000
1.114000
1.117000
1.109000
1.113000
1.103000
1.118000
1.118000
1.114000
1.101000
1.066000
1.102000
1.093000
1.109000
1.102000
1.110000
1.114000
1.109000
1.127000
1.110000
1.106000
1.100000
