2.486000
1.941000
1.723000
1.632000
1.415000
1.421000
1.421000
1.401000
1.318000
1.215000
1.213000
1.200000
1.188000
1.206000
1.206000
1.217000
1.229000
1.225000
1.125000
1.115000
1.131000
1.163000
1.118000
1.127000
1.116000
1.124000
1.121000
1.130000
1.144000
1.115000
1.118000
1.122000
1.146000
1.122000
1.121000
1.132000
1.116000
1.060000
1.032000
1.046000
1.030000
1.054000
1.042000
1.058000
1.036000
1.036000
1.042000
1.033000
1.036000
1.033000
1.050000
1.061000
1.014000
1.032000
1.040000
1.028000
1.037000
1.034000
1.048000
1.044000
1.050000
1.014000
1.032000
1.027000
1.015000
1.019000
1.019000
1.038000
1.036000
1.038000
1.031000
1.036000
1.035000
1.017000
1.024000
0.976000
0.976000
0.964000
0.991000
0.963000
0.962000
0.965000
0.973000
0.977000
0.951000
0.961000
0.962000
0.962000
0.964000
0.965000
0.963000
0.963000
0.978000
0.965000
0.967000
0.960000
0.974000
0.967000
0.962000
0.945000
0.971000
