2.481000
1.910000
1.726000
1.601000
1.380000
1.398000
1.397000
1.404000
1.319000
1.230000
1.228000
1.229000
1.227000
1.252000
1.220000
1.242000
1.236000
1.326000
1.138000
1.127000
1.118000
1.121000
1.158000
1.115000
1.118000
1.119000
1.124000
1.140000
1.109000
1.112000
1.113000
1.111000
1.138000
1.119000
1.115000
1.113000
1.109000
1.048000
1.039000
1.043000
1.033000
1.028000
1.017000
1.039000
1.035000
1.048000
1.029000
1.035000
1.047000
1.042000
1.047000
1.046000
1.031000
1.042000
1.035000
1.023000
1.025000
1.027000
1.035000
1.035000
1.045000
1.033000
1.061000
1.030000
1.042000
1.032000
1.035000
1.030000
1.093000
1.038000
1.011000
1.012000
1.029000
1.048000
1.041000
0.988000
0.976000
0.993000
0.968000
0.963000
0.962000
0.968000
0.974000
0.985000
0.954000
0.970000
0.970000
0.965000
0.972000
0.966000
0.946000
0.940000
0.942000
0.970000
0.944000
0.957000
0.969000
0.955000
0.965000
0.967000
0.977000
