2.519000
1.901000
1.715000
1.659000
1.390000
1.414000
1.396000
1.398000
1.318000
1.209000
1.216000
1.207000
1.206000
1.211000
1.217000
1.246000
1.211000
1.210000
1.102000
1.100000
1.106000
1.091000
1.105000
1.100000
1.114000
1.107000
1.119000
1.106000
1.106000
1.114000
1.105000
1.104000
1.120000
1.118000
1.123000
1.182000
1.161000
1.251000
1.041000
1.119000
1.046000
1.060000
1.028000
1.053000
1.026000
1.034000
1.034000
1.042000
1.332000
1.076000
1.046000
1.244000
1.040000
1.045000
1.053000
1.022000
1.045000
1.042000
1.027000
1.038000
1.032000
1.029000
1.030000
1.039000
1.029000
1.021000
1.029000
1.040000
1.027000
1.045000
1.023000
1.021000
1.022000
1.028000
1.021000
0.974000
0.956000
0.955000
0.959000
0.952000
0.960000
0.954000
0.954000
0.949000
0.954000
0.963000
0.959000
0.952000
0.956000
0.975000
0.946000
0.952000
0.957000
0.957000
0.946000
0.939000
0.937000
0.961000
0.944000
0.943000
0.947000
