2.483000
1.948000
1.720000
1.643000
1.418000
1.401000
1.406000
1.411000
1.305000
1.219000
1.224000
1.222000
1.225000
1.234000
1.218000
1.225000
1.231000
1.221000
1.133000
1.100000
1.112000
1.132000
1.115000
1.094000
1.109000
1.091000
1.095000
1.107000
1.121000
1.122000
1.114000
1.130000
1.132000
1.121000
1.139000
1.141000
1.162000
1.062000
1.051000
1.043000
1.052000
1.040000
1.060000
1.038000
1.043000
1.037000
1.037000
1.048000
1.048000
1.032000
1.058000
1.035000
1.036000
1.044000
1.034000
1.028000
1.064000
1.038000
1.032000
1.032000
1.026000
1.034000
1.035000
1.058000
1.037000
1.035000
1.042000
1.046000
1.050000
1.054000
1.039000
1.032000
1.046000
1.043000
1.021000
1.008000
0.968000
0.961000
0.975000
0.977000
0.969000
0.967000
0.968000
0.973000
0.970000
0.966000
0.984000
0.967000
0.971000
0.966000
1.000000
0.971000
0.958000
0.964000
0.968000
0.968000
0.976000
0.968000
0.972000
0.942000
0.950000
