2.471000
1.925000
1.737000
1.634000
1.411000
1.396000
1.422000
1.400000
1.319000
1.224000
1.238000
1.229000
1.225000
1.225000
1.223000
1.223000
1.220000
1.242000
1.116000
1.128000
1.119000
1.119000
1.109000
1.120000
1.113000
1.126000
1.125000
1.118000
1.127000
1.131000
1.118000
1.110000
1.116000
1.118000
1.110000
1.113000
1.116000
1.043000
1.034000
1.045000
1.026000
1.040000
1.028000
1.060000
1.046000
1.034000
1.061000
1.038000
1.079000
1.029000
1.061000
1.033000
1.037000
1.053000
1.026000
1.044000
1.042000
1.037000
1.027000
1.026000
1.037000
1.061000
1.030000
1.039000
1.047000
1.035000
1.046000
1.037000
1.044000
1.029000
1.030000
1.053000
1.044000
1.036000
1.064000
0.976000
0.964000
0.969000
0.957000
0.958000
0.961000
0.982000
0.962000
0.978000
0.970000
0.970000
0.985000
0.959000
0.993000
0.968000
0.962000
0.964000
0.987000
0.953000
0.965000
0.958000
0.961000
0.959000
0.970000
0.973000
0.967000
