2.462000
1.929000
1.725000
1.648000
1.390000
1.396000
1.422000
1.453000
1.385000
1.229000
1.220000
1.220000
1.228000
1.240000
1.229000
1.262000
1.214000
1.223000
1.135000
1.119000
1.115000
1.125000
1.129000
1.108000
1.116000
1.127000
1.106000
1.121000
1.115000
1.116000
1.117000
1.112000
1.132000
1.119000
1.121000
1.121000
1.113000
1.057000
1.040000
1.032000
1.042000
1.034000
1.032000
1.041000
1.028000
1.048000
1.049000
1.041000
1.051000
1.031000
1.035000
1.036000
1.041000
1.051000
1.034000
1.028000
1.043000
1.046000
1.036000
1.027000
1.011000
1.009000
1.019000
1.017000
1.025000
1.015000
1.016000
1.022000
1.033000
1.039000
1.030000
1.037000
1.034000
1.031000
1.036000
0.985000
0.982000
0.986000
0.966000
0.969000
0.961000
0.972000
0.983000
0.966000
0.964000
0.964000
0.976000
0.970000
0.963000
0.966000
0.963000
0.961000
0.959000
0.967000
0.962000
0.969000
0.962000
0.971000
0.968000
0.998000
0.965000
