2.706000
2.116000
1.883000
1.792000
1.558000
1.549000
1.546000
1.580000
1.454000
1.370000
1.367000
1.391000
1.364000
1.344000
1.392000
1.381000
1.385000
1.354000
1.252000
1.258000
1.244000
1.309000
1.250000
1.267000
1.259000
1.266000
1.262000
1.275000
1.232000
1.254000
1.282000
1.249000
1.260000
1.261000
1.275000
1.279000
1.255000
1.178000
1.165000
1.157000
1.164000
1.161000
1.121000
1.168000
1.163000
1.173000
1.166000
1.184000
1.162000
1.187000
1.176000
1.170000
1.178000
1.197000
1.173000
1.166000
1.152000
1.167000
1.170000
1.188000
1.187000
1.163000
1.199000
1.170000
1.177000
1.182000
1.168000
1.154000
1.166000
1.169000
1.162000
1.182000
1.178000
1.172000
1.175000
1.118000
1.093000
1.095000
1.094000
1.109000
1.097000
1.096000
1.099000
1.101000
1.038000
1.107000
1.080000
1.094000
1.094000
1.105000
1.089000
1.100000
1.077000
1.055000
1.091000
1.097000
1.094000
1.096000
1.106000
1.105000
1.096000
