2.682000
2.098000
1.854000
1.807000
1.554000
1.570000
1.558000
1.585000
1.461000
1.370000
1.382000
1.360000
1.366000
1.380000
1.355000
1.367000
1.368000
1.379000
1.259000
1.257000
1.310000
1.239000
1.248000
1.244000
1.240000
1.249000
1.244000
1.260000
1.250000
1.243000
1.245000
1.296000
1.071000
1.122000
1.084000
1.060000
1.066000
0.995000
1.578000
1.304000
1.325000
1.186000
1.186000
1.171000
1.190000
1.168000
1.164000
1.157000
1.182000
1.144000
1.173000
1.174000
1.151000
1.143000
1.173000
1.191000
1.167000
1.147000
1.165000
1.184000
1.195000
1.215000
1.150000
1.174000
1.151000
1.189000
1.162000
1.144000
1.164000
1.189000
1.161000
1.149000
1.160000
1.150000
1.147000
1.108000
1.087000
1.178000
1.091000
1.089000
1.088000
1.081000
1.086000
1.121000
1.098000
1.083000
1.076000
1.082000
1.109000
1.091000
1.096000
1.093000
1.095000
1.088000
1.085000
1.088000
1.082000
1.085000
1.076000
1.103000
1.076000
