220101207
220101207
220102265
220223846
221107735
221107735
221107735
221107735
223148827
226418598
226418598
226418598
226418598
226418598
226418598
226418598
226418598
226418598
241008710
242325087
242325087
242325087
242325087
242325087
242325087
242325087
242325087
242325087
242325087
242325087
242325087
242325087
242325087
242325087
242325087
242325087
242325087
275256303
281254075
281254075
281254075
281254075
281254075
281254075
281254075
281254075
281254075
281254075
281254075
281254075
281254075
281254075
281254075
281254075
281254075
281254075
281254075
281254075
281254075
281254075
281254075
281254075
281254075
281254075
281254075
281254075
281254075
281254075
281254075
281254075
281254075
281254075
281254075
281254075
281254075
341498178
367304486
367304486
367304486
367304486
367304486
367304486
367304486
367304486
367304486
367304486
367304486
367304486
367304486
367304486
367304486
367304486
367304486
367304486
367304486
367304486
367304486
367304486
367304486
367304486
367304486
