220101069
220101069
220099227
220219753
221106244
221106244
221106244
221106244
223144019
226403822
226403822
226403822
226403822
226403822
226403822
226403822
226403822
226403822
240983189
242294825
242294825
242294825
242294825
242294825
242294825
242294825
242294825
242294825
242294825
242294825
242294825
242294825
242294825
242294825
242294825
242294825
242294825
275229250
281245437
281245437
281245437
281245437
281245437
281245437
281245437
281245437
281245437
281245437
281245437
281245437
281245437
281245437
281245437
281245437
281245437
281245437
281245437
281245437
281245437
281245437
281245437
281245437
281245437
281245437
281245437
281245437
281245437
281245437
281245437
281245437
281245437
281245437
281245437
281245437
281245437
341541622
367325740
367325740
367325740
367325740
367325740
367325740
367325740
367325740
367325740
367325740
367325740
367325740
367325740
367325740
367325740
367325740
367325740
367325740
367325740
367325740
367325740
367325740
367325740
367325740
367325740
