3.454000
2.853000
2.556000
2.472000
2.303000
2.358000
2.324000
2.318000
2.300000
2.290000
2.246000
2.226000
2.246000
2.275000
2.267000
2.193000
2.278000
2.258000
2.247000
2.319000
2.355000
2.140000
2.147000
2.137000
2.095000
2.216000
2.111000
2.097000
2.118000
2.432000
2.533000
2.510000
2.261000
2.132000
2.291000
2.209000
2.155000
2.390000
2.382000
2.422000
2.376000
2.321000
2.312000
2.334000
2.254000
2.308000
2.382000
2.351000
2.344000
2.264000
2.248000
2.233000
2.215000
2.386000
2.838000
2.517000
2.052000
2.053000
2.023000
2.003000
2.005000
2.011000
2.538000
2.864000
2.730000
2.449000
2.366000
2.492000
2.380000
2.378000
2.347000
2.479000
2.298000
2.251000
2.272000
2.527000
2.743000
2.852000
2.840000
3.230000
3.373000
3.288000
2.812000
2.801000
2.818000
2.743000
2.764000
2.652000
2.742000
2.809000
2.752000
2.875000
2.769000
2.966000
2.753000
2.864000
2.781000
2.798000
2.749000
2.645000
2.637000
