2.742000
2.290000
2.117000
2.071000
1.907000
1.896000
1.885000
1.892000
1.854000
1.782000
1.774000
1.786000
1.781000
1.766000
1.780000
1.783000
1.809000
1.778000
1.763000
1.757000
1.758000
1.775000
1.778000
1.755000
1.742000
1.756000
1.744000
1.749000
1.751000
1.758000
1.775000
1.747000
1.750000
1.761000
1.758000
1.750000
1.750000
1.864000
1.870000
1.874000
1.872000
1.889000
1.907000
1.869000
1.874000
1.881000
1.866000
1.866000
1.887000
1.866000
1.879000
1.880000
1.889000
1.880000
1.874000
1.887000
1.890000
1.876000
1.889000
1.916000
1.902000
1.895000
1.894000
1.894000
1.899000
1.898000
1.892000
1.900000
1.885000
1.897000
2.489000
2.522000
2.288000
2.448000
2.549000
3.045000
3.104000
2.623000
2.660000
2.622000
2.711000
2.674000
2.667000
2.606000
2.669000
2.609000
2.676000
2.609000
2.594000
2.739000
2.702000
2.641000
2.663000
2.561000
2.863000
2.738000
2.810000
2.719000
2.753000
2.776000
2.746000
