2.751000
2.307000
2.128000
2.087000
1.895000
1.910000
1.895000
1.898000
1.855000
1.797000
1.771000
1.793000
1.792000
1.788000
1.785000
1.774000
1.784000
1.786000
1.771000
1.764000
1.774000
1.788000
1.780000
1.787000
1.774000
1.778000
1.770000
1.788000
1.784000
1.772000
1.802000
1.769000
1.785000
1.781000
1.793000
1.779000
1.774000
1.850000
1.876000
1.877000
1.883000
1.883000
1.888000
1.886000
1.882000
1.886000
1.904000
1.879000
1.893000
1.884000
1.888000
1.892000
1.888000
1.888000
1.891000
1.909000
1.927000
1.898000
1.887000
1.912000
1.899000
1.900000
1.889000
1.901000
1.906000
1.889000
1.885000
1.894000
1.901000
1.886000
1.892000
1.892000
1.890000
1.908000
1.884000
2.135000
2.252000
2.239000
2.243000
2.249000
2.248000
2.256000
2.237000
2.243000
2.249000
2.248000
2.244000
2.248000
2.240000
2.241000
2.245000
2.242000
2.246000
2.256000
2.258000
2.242000
2.246000
2.249000
2.244000
2.245000
2.273000
