2.813000
2.354000
2.178000
2.096000
1.894000
1.898000
1.899000
2.445000
2.429000
2.185000
2.123000
2.511000
2.579000
2.143000
2.344000
2.539000
2.249000
2.270000
2.533000
2.419000
2.327000
2.081000
2.206000
2.119000
2.020000
2.115000
2.210000
1.872000
2.777000
2.287000
2.103000
2.336000
2.312000
3.033000
2.175000
2.095000
2.684000
2.684000
2.704000
2.712000
2.070000
2.089000
2.054000
2.069000
2.292000
2.319000
2.233000
2.656000
1.997000
1.985000
1.965000
1.993000
2.499000
2.722000
2.280000
2.049000
2.020000
2.037000
1.990000
2.021000
2.571000
2.238000
1.976000
1.991000
2.448000
2.688000
2.641000
2.671000
2.131000
2.298000
2.687000
2.172000
1.957000
1.956000
1.950000
2.261000
2.391000
2.310000
2.301000
2.302000
2.308000
2.388000
2.392000
2.300000
2.289000
2.332000
2.289000
2.296000
2.284000
2.418000
2.331000
2.460000
2.544000
2.407000
2.333000
2.330000
2.341000
2.317000
2.315000
2.297000
2.317000
