2.741000
2.295000
2.126000
2.066000
1.906000
1.887000
1.900000
1.894000
1.858000
1.783000
1.793000
1.790000
1.784000
1.787000
1.782000
1.797000
1.779000
1.785000
1.772000
1.766000
1.752000
1.782000
1.771000
1.766000
1.778000
1.758000
1.757000
1.767000
1.768000
1.773000
1.772000
1.786000
1.769000
1.770000
1.759000
1.767000
1.776000
1.871000
1.884000
1.882000
1.897000
1.906000
1.877000
1.884000
1.885000
1.889000
1.887000
1.896000
1.894000
1.901000
1.895000
1.892000
1.968000
1.903000
1.891000
1.892000
1.888000
1.879000
1.890000
1.889000
1.890000
1.885000
1.907000
1.892000
1.891000
1.896000
1.894000
1.910000
1.891000
1.889000
1.881000
1.884000
1.885000
1.885000
1.877000
2.132000
2.249000
2.251000
2.250000
2.239000
2.235000
2.254000
2.238000
2.239000
2.259000
2.240000
2.242000
2.245000
2.247000
2.254000
2.235000
2.237000
2.232000
2.253000
2.263000
2.265000
2.264000
2.269000
2.267000
2.253000
2.262000
