2.796000
2.353000
2.185000
2.194000
1.974000
1.952000
1.976000
1.998000
1.922000
1.926000
1.840000
1.847000
1.840000
1.850000
1.842000
1.838000
1.844000
1.885000
1.855000
1.847000
1.823000
1.894000
1.858000
2.785000
4.561000
3.333000
2.431000
2.021000
2.091000
1.971000
2.005000
2.015000
1.973000
2.013000
1.973000
1.980000
1.999000
2.145000
2.183000
2.206000
2.145000
2.137000
2.137000
2.111000
2.114000
2.094000
2.252000
2.475000
2.475000
2.717000
2.741000
2.669000
2.886000
2.629000
2.988000
2.727000
2.504000
2.648000
2.740000
2.719000
2.846000
2.794000
2.931000
3.006000
3.021000
3.033000
2.869000
2.982000
2.944000
2.964000
2.921000
2.956000
2.987000
3.046000
3.042000
3.410000
3.575000
3.510000
3.632000
3.590000
3.608000
3.615000
3.772000
3.403000
3.665000
3.691000
3.688000
3.609000
3.729000
3.488000
3.540000
3.562000
3.548000
3.764000
3.597000
3.687000
3.680000
3.562000
3.568000
3.616000
3.579000
