3.322000
2.767000
2.615000
2.558000
2.355000
2.298000
2.336000
2.193000
2.244000
2.116000
2.143000
2.225000
2.152000
2.097000
2.058000
2.091000
2.081000
2.092000
2.119000
2.151000
2.095000
2.188000
2.195000
2.150000
2.215000
2.199000
2.104000
2.137000
2.142000
2.158000
2.189000
2.174000
2.189000
2.196000
2.031000
2.113000
2.100000
2.206000
2.241000
2.274000
2.293000
2.247000
2.373000
2.454000
2.357000
2.464000
2.314000
2.306000
2.346000
2.347000
2.330000
2.365000
2.366000
2.296000
2.389000
2.284000
2.189000
2.177000
2.228000
2.214000
2.344000
2.277000
2.369000
2.297000
2.297000
2.403000
2.360000
2.320000
2.372000
2.367000
2.326000
2.366000
2.505000
2.306000
2.335000
2.450000
2.659000
2.622000
2.574000
2.589000
2.568000
2.642000
2.698000
2.674000
3.247000
2.880000
2.946000
3.136000
2.764000
3.048000
2.672000
2.793000
2.708000
2.725000
2.870000
3.106000
2.724000
2.763000
2.744000
2.733000
2.928000
