0.020000
0.017000
0.013000
0.012000
0.013000
0.011000
0.010000
0.010000
0.011000
0.011000
0.011000
0.011000
0.012000
0.011000
0.011000
0.011000
0.011000
0.011000
0.011000
0.012000
0.012000
0.011000
0.011000
0.012000
0.014000
0.014000
0.015000
0.014000
0.014000
0.014000
0.015000
0.014000
0.014000
0.014000
0.014000
0.015000
0.014000
0.013000
0.014000
0.014000
0.013000
0.013000
0.014000
0.014000
0.014000
0.013000
0.014000
0.015000
0.020000
0.020000
0.020000
0.021000
0.020000
0.020000
0.021000
0.022000
0.022000
0.021000
0.020000
0.020000
0.020000
0.020000
0.021000
0.020000
0.020000
0.020000
0.021000
0.020000
0.021000
0.022000
0.022000
0.022000
0.022000
0.022000
0.022000
0.022000
0.022000
0.022000
0.022000
0.022000
0.022000
0.022000
0.022000
0.023000
0.021000
0.020000
0.021000
0.021000
0.022000
0.022000
0.022000
0.022000
0.022000
0.022000
0.024000
0.025000
0.030000
0.041000
0.041000
0.040000
0.039000
