0.022000
0.017000
0.014000
0.013000
0.014000
0.012000
0.013000
0.013000
0.012000
0.013000
0.013000
0.012000
0.012000
0.012000
0.013000
0.013000
0.012000
0.012000
0.012000
0.011000
0.011000
0.012000
0.011000
0.014000
0.016000
0.015000
0.016000
0.019000
0.015000
0.014000
0.015000
0.015000
0.015000
0.016000
0.015000
0.015000
0.016000
0.015000
0.016000
0.015000
0.015000
0.015000
0.016000
0.015000
0.015000
0.014000
0.015000
0.016000
0.023000
0.022000
0.023000
0.020000
0.021000
0.020000
0.020000
0.021000
0.020000
0.020000
0.020000
0.021000
0.020000
0.020000
0.020000
0.021000
0.020000
0.021000
0.021000
0.021000
0.021000
0.020000
0.021000
0.021000
0.021000
0.021000
0.020000
0.020000
0.020000
0.020000
0.020000
0.022000
0.021000
0.020000
0.020000
0.020000
0.020000
0.022000
0.021000
0.020000
0.020000
0.022000
0.023000
0.023000
0.022000
0.023000
0.020000
0.021000
0.025000
0.033000
0.033000
0.033000
0.033000
