2.421000
1.883000
1.685000
1.626000
1.459000
1.458000
1.475000
1.470000
1.432000
1.409000
1.412000
1.426000
1.415000
1.412000
1.411000
1.420000
1.412000
1.434000
1.572000
1.627000
1.584000
1.588000
1.591000
1.617000
1.598000
1.583000
1.599000
1.597000
1.594000
1.604000
1.586000
1.601000
1.591000
1.593000
1.579000
1.585000
1.582000
2.019000
2.090000
2.104000
2.088000
2.098000
2.088000
2.094000
2.106000
2.091000
2.115000
2.096000
2.089000
2.088000
2.104000
2.098000
2.101000
2.079000
2.084000
2.087000
2.116000
2.094000
2.126000
2.101000
2.101000
2.081000
2.083000
2.097000
2.088000
2.115000
2.100000
2.108000
2.102000
2.088000
2.111000
2.110000
2.094000
2.100000
2.095000
2.810000
3.158000
3.142000
3.135000
3.136000
3.125000
3.114000
3.135000
3.120000
3.109000
3.114000
3.226000
3.155000
3.137000
3.122000
3.137000
3.164000
3.115000
3.114000
3.114000
3.112000
3.114000
3.120000
3.117000
3.135000
3.112000
