2.405000
1.862000
1.679000
1.622000
1.449000
1.456000
1.454000
1.447000
1.427000
1.425000
1.408000
1.418000
1.423000
1.414000
1.406000
1.413000
1.417000
1.408000
1.571000
1.589000
1.591000
1.578000
1.578000
1.578000
1.584000
1.584000
1.584000
1.582000
1.582000
1.601000
1.577000
1.575000
1.582000
1.579000
1.583000
1.584000
1.588000
2.034000
2.107000
2.109000
2.091000
2.101000
2.094000
2.087000
2.097000
2.104000
2.109000
2.103000
2.094000
2.095000
2.104000
2.096000
2.099000
2.099000
2.094000
2.091000
2.114000
2.084000
2.081000
2.082000
2.086000
2.092000
2.100000
2.098000
2.093000
2.099000
2.098000
2.093000
2.123000
2.093000
2.098000
2.094000
2.094000
2.088000
2.109000
2.816000
3.123000
3.119000
3.110000
3.115000
3.134000
3.126000
3.110000
3.111000
3.115000
3.123000
3.111000
3.119000
3.119000
3.116000
3.114000
3.126000
3.125000
3.123000
3.113000
3.151000
3.120000
3.108000
3.110000
3.052000
3.110000
