2.778000
2.110000
1.776000
1.656000
1.464000
1.463000
1.467000
1.447000
1.436000
1.414000
1.430000
1.482000
1.427000
1.426000
1.447000
1.419000
1.434000
1.424000
1.575000
1.606000
1.635000
1.597000
1.588000
1.584000
1.589000
1.588000
1.580000
1.614000
1.588000
1.586000
1.580000
1.575000
1.577000
1.574000
1.584000
1.577000
1.577000
2.010000
2.087000
2.097000
2.079000
2.080000
2.088000
2.100000
2.084000
2.091000
2.089000
2.092000
2.091000
2.093000
2.086000
2.093000
2.084000
2.093000
2.108000
2.090000
2.097000
2.087000
2.081000
2.080000
2.088000
2.084000
2.084000
2.099000
2.093000
2.090000
2.082000
2.092000
2.084000
2.091000
2.090000
2.083000
2.099000
2.083000
2.087000
2.819000
3.104000
3.122000
3.122000
3.110000
3.122000
3.132000
3.115000
3.125000
3.115000
3.106000
3.109000
3.114000
3.107000
3.111000
3.117000
3.125000
3.114000
3.119000
3.116000
3.108000
3.106000
3.121000
3.103000
3.106000
3.110000
