1536132
1536132
1536518
1536980
1536980
1554939
1558223
1558223
1558223
1558223
1558223
1620364
1639819
1639819
1639819
1639819
1639819
1639819
1639819
1639819
1639819
1639819
1639819
1763796
1860711
1860711
1860711
1860711
1860711
1860711
1860711
1860711
1860711
1860711
1860711
1860711
1860711
1860711
1860711
1860711
1860711
1860711
1860711
1860711
1860711
1860711
1860711
1946889
2380477
2380477
2380477
2380477
2380477
2380477
2380477
2380477
2380477
2380477
2380477
2380477
2380477
2380477
2380477
2380477
2380477
2380477
2380477
2380477
2380477
2380477
2380477
2380477
2380477
2380477
2380477
2380477
2380477
2380477
2380477
2380477
2380477
2380477
2380477
2380477
2380477
2380477
2380477
2380477
2380477
2380477
2380477
2380477
2380477
2380477
2380477
2380477
2759214
3502479
3502479
3502479
3502479
