1536361
1536361
1536303
1536773
1536773
1555152
1558381
1558381
1558381
1558381
1558381
1619862
1639620
1639620
1639620
1639620
1639620
1639620
1639620
1639620
1639620
1639620
1639620
1765752
1862476
1862476
1862476
1862476
1862476
1862476
1862476
1862476
1862476
1862476
1862476
1862476
1862476
1862476
1862476
1862476
1862476
1862476
1862476
1862476
1862476
1862476
1862476
1948243
2384742
2384742
2384742
2384742
2384742
2384742
2384742
2384742
2384742
2384742
2384742
2384742
2384742
2384742
2384742
2384742
2384742
2384742
2384742
2384742
2384742
2384742
2384742
2384742
2384742
2384742
2384742
2384742
2384742
2384742
2384742
2384742
2384742
2384742
2384742
2384742
2384742
2384742
2384742
2384742
2384742
2384742
2384742
2384742
2384742
2384742
2384742
2384742
2763734
3505617
3505617
3505617
3505617
