1536090
1536090
1536174
1536648
1536648
1554254
1557715
1557715
1557715
1557715
1557715
1618533
1638166
1638166
1638166
1638166
1638166
1638166
1638166
1638166
1638166
1638166
1638166
1762950
1860523
1860523
1860523
1860523
1860523
1860523
1860523
1860523
1860523
1860523
1860523
1860523
1860523
1860523
1860523
1860523
1860523
1860523
1860523
1860523
1860523
1860523
1860523
1948003
2382370
2382370
2382370
2382370
2382370
2382370
2382370
2382370
2382370
2382370
2382370
2382370
2382370
2382370
2382370
2382370
2382370
2382370
2382370
2382370
2382370
2382370
2382370
2382370
2382370
2382370
2382370
2382370
2382370
2382370
2382370
2382370
2382370
2382370
2382370
2382370
2382370
2382370
2382370
2382370
2382370
2382370
2382370
2382370
2382370
2382370
2382370
2382370
2763652
3507366
3507366
3507366
3507366
