1536274
1536274
1536207
1536618
1536618
1555012
1558327
1558327
1558327
1558327
1558327
1620420
1640055
1640055
1640055
1640055
1640055
1640055
1640055
1640055
1640055
1640055
1640055
1766404
1862879
1862879
1862879
1862879
1862879
1862879
1862879
1862879
1862879
1862879
1862879
1862879
1862879
1862879
1862879
1862879
1862879
1862879
1862879
1862879
1862879
1862879
1862879
1949472
2379532
2379532
2379532
2379532
2379532
2379532
2379532
2379532
2379532
2379532
2379532
2379532
2379532
2379532
2379532
2379532
2379532
2379532
2379532
2379532
2379532
2379532
2379532
2379532
2379532
2379532
2379532
2379532
2379532
2379532
2379532
2379532
2379532
2379532
2379532
2379532
2379532
2379532
2379532
2379532
2379532
2379532
2379532
2379532
2379532
2379532
2379532
2379532
2761077
3505987
3505987
3505987
3505987
