1536449
1536449
1536609
1537072
1537072
1554937
1558255
1558255
1558255
1558255
1558255
1619797
1639578
1639578
1639578
1639578
1639578
1639578
1639578
1639578
1639578
1639578
1639578
1765920
1862881
1862881
1862881
1862881
1862881
1862881
1862881
1862881
1862881
1862881
1862881
1862881
1862881
1862881
1862881
1862881
1862881
1862881
1862881
1862881
1862881
1862881
1862881
1950765
2383917
2383917
2383917
2383917
2383917
2383917
2383917
2383917
2383917
2383917
2383917
2383917
2383917
2383917
2383917
2383917
2383917
2383917
2383917
2383917
2383917
2383917
2383917
2383917
2383917
2383917
2383917
2383917
2383917
2383917
2383917
2383917
2383917
2383917
2383917
2383917
2383917
2383917
2383917
2383917
2383917
2383917
2383917
2383917
2383917
2383917
2383917
2383917
2764460
3510950
3510950
3510950
3510950
