1536244
1536244
1536361
1536787
1536787
1554570
1557896
1557896
1557896
1557896
1557896
1620327
1640246
1640246
1640246
1640246
1640246
1640246
1640246
1640246
1640246
1640246
1640246
1764832
1862908
1862908
1862908
1862908
1862908
1862908
1862908
1862908
1862908
1862908
1862908
1862908
1862908
1862908
1862908
1862908
1862908
1862908
1862908
1862908
1862908
1862908
1862908
1948871
2386227
2386227
2386227
2386227
2386227
2386227
2386227
2386227
2386227
2386227
2386227
2386227
2386227
2386227
2386227
2386227
2386227
2386227
2386227
2386227
2386227
2386227
2386227
2386227
2386227
2386227
2386227
2386227
2386227
2386227
2386227
2386227
2386227
2386227
2386227
2386227
2386227
2386227
2386227
2386227
2386227
2386227
2386227
2386227
2386227
2386227
2386227
2386227
2771473
3515789
3515789
3515789
3515789
