1536079
1536079
1536141
1536577
1536577
1554082
1557291
1557291
1557291
1557291
1557291
1619747
1639217
1639217
1639217
1639217
1639217
1639217
1639217
1639217
1639217
1639217
1639217
1765298
1861561
1861561
1861561
1861561
1861561
1861561
1861561
1861561
1861561
1861561
1861561
1861561
1861561
1861561
1861561
1861561
1861561
1861561
1861561
1861561
1861561
1861561
1861561
1947634
2384621
2384621
2384621
2384621
2384621
2384621
2384621
2384621
2384621
2384621
2384621
2384621
2384621
2384621
2384621
2384621
2384621
2384621
2384621
2384621
2384621
2384621
2384621
2384621
2384621
2384621
2384621
2384621
2384621
2384621
2384621
2384621
2384621
2384621
2384621
2384621
2384621
2384621
2384621
2384621
2384621
2384621
2384621
2384621
2384621
2384621
2384621
2384621
2769218
3515573
3515573
3515573
3515573
