1536284
1536284
1536310
1536757
1536757
1554437
1557784
1557784
1557784
1557784
1557784
1619528
1639168
1639168
1639168
1639168
1639168
1639168
1639168
1639168
1639168
1639168
1639168
1765074
1862315
1862315
1862315
1862315
1862315
1862315
1862315
1862315
1862315
1862315
1862315
1862315
1862315
1862315
1862315
1862315
1862315
1862315
1862315
1862315
1862315
1862315
1862315
1948929
2380803
2380803
2380803
2380803
2380803
2380803
2380803
2380803
2380803
2380803
2380803
2380803
2380803
2380803
2380803
2380803
2380803
2380803
2380803
2380803
2380803
2380803
2380803
2380803
2380803
2380803
2380803
2380803
2380803
2380803
2380803
2380803
2380803
2380803
2380803
2380803
2380803
2380803
2380803
2380803
2380803
2380803
2380803
2380803
2380803
2380803
2380803
2380803
2766189
3511389
3511389
3511389
3511389
