1536345
1536345
1536145
1536565
1536565
1554371
1557695
1557695
1557695
1557695
1557695
1619806
1639399
1639399
1639399
1639399
1639399
1639399
1639399
1639399
1639399
1639399
1639399
1764534
1861711
1861711
1861711
1861711
1861711
1861711
1861711
1861711
1861711
1861711
1861711
1861711
1861711
1861711
1861711
1861711
1861711
1861711
1861711
1861711
1861711
1861711
1861711
1947920
2387171
2387171
2387171
2387171
2387171
2387171
2387171
2387171
2387171
2387171
2387171
2387171
2387171
2387171
2387171
2387171
2387171
2387171
2387171
2387171
2387171
2387171
2387171
2387171
2387171
2387171
2387171
2387171
2387171
2387171
2387171
2387171
2387171
2387171
2387171
2387171
2387171
2387171
2387171
2387171
2387171
2387171
2387171
2387171
2387171
2387171
2387171
2387171
2771963
3516272
3516272
3516272
3516272
