120491
120491
120501
120543
121461
121461
121461
121461
122367
126853
126853
126853
126853
126853
126853
126853
126853
126853
133794
142827
142827
142827
142827
142827
142827
142827
142827
142827
142827
142827
142827
142827
142827
142827
142827
142827
142827
142827
179830
182294
182294
182294
182294
182294
182294
182294
182294
182294
182294
182294
182294
182294
182294
182294
182294
182294
182294
182294
182294
182294
182294
182294
182294
182294
182294
182294
182294
182294
182294
182294
182294
182294
182294
182294
182294
182294
182294
258564
269304
269304
269304
269304
269304
269304
269304
269304
269304
269304
269304
269304
269304
269304
269304
269304
269304
269304
269304
269304
269304
269304
269304
