120395
120395
120479
120548
121468
121468
121468
121468
122379
126880
126880
126880
126880
126880
126880
126880
126880
126880
134123
143258
143258
143258
143258
143258
143258
143258
143258
143258
143258
143258
143258
143258
143258
143258
143258
143258
143258
143258
180097
182506
182506
182506
182506
182506
182506
182506
182506
182506
182506
182506
182506
182506
182506
182506
182506
182506
182506
182506
182506
182506
182506
182506
182506
182506
182506
182506
182506
182506
182506
182506
182506
182506
182506
182506
182506
182506
182506
260579
271867
271867
271867
271867
271867
271867
271867
271867
271867
271867
271867
271867
271867
271867
271867
271867
271867
271867
271867
271867
271867
271867
271867
