120478
120478
120453
120504
121514
121514
121514
121514
122586
127029
127029
127029
127029
127029
127029
127029
127029
127029
134133
143371
143371
143371
143371
143371
143371
143371
143371
143371
143371
143371
143371
143371
143371
143371
143371
143371
143371
143371
180839
183399
183399
183399
183399
183399
183399
183399
183399
183399
183399
183399
183399
183399
183399
183399
183399
183399
183399
183399
183399
183399
183399
183399
183399
183399
183399
183399
183399
183399
183399
183399
183399
183399
183399
183399
183399
183399
183399
261149
272535
272535
272535
272535
272535
272535
272535
272535
272535
272535
272535
272535
272535
272535
272535
272535
272535
272535
272535
272535
272535
272535
272535
