120411
120411
120436
120501
121421
121421
121421
121421
122512
127051
127051
127051
127051
127051
127051
127051
127051
127051
134278
143304
143304
143304
143304
143304
143304
143304
143304
143304
143304
143304
143304
143304
143304
143304
143304
143304
143304
143304
181294
183936
183936
183936
183936
183936
183936
183936
183936
183936
183936
183936
183936
183936
183936
183936
183936
183936
183936
183936
183936
183936
183936
183936
183936
183936
183936
183936
183936
183936
183936
183936
183936
183936
183936
183936
183936
183936
183936
264251
275407
275407
275407
275407
275407
275407
275407
275407
275407
275407
275407
275407
275407
275407
275407
275407
275407
275407
275407
275407
275407
275407
275407
