120450
120450
120495
120564
121653
121653
121653
121653
122692
127213
127213
127213
127213
127213
127213
127213
127213
127213
134498
143867
143867
143867
143867
143867
143867
143867
143867
143867
143867
143867
143867
143867
143867
143867
143867
143867
143867
143867
181770
184383
184383
184383
184383
184383
184383
184383
184383
184383
184383
184383
184383
184383
184383
184383
184383
184383
184383
184383
184383
184383
184383
184383
184383
184383
184383
184383
184383
184383
184383
184383
184383
184383
184383
184383
184383
184383
184383
261343
272730
272730
272730
272730
272730
272730
272730
272730
272730
272730
272730
272730
272730
272730
272730
272730
272730
272730
272730
272730
272730
272730
272730
