120395
120395
120379
120442
121561
121561
121561
121561
122687
127339
127339
127339
127339
127339
127339
127339
127339
127339
134714
144115
144115
144115
144115
144115
144115
144115
144115
144115
144115
144115
144115
144115
144115
144115
144115
144115
144115
144115
182450
185053
185053
185053
185053
185053
185053
185053
185053
185053
185053
185053
185053
185053
185053
185053
185053
185053
185053
185053
185053
185053
185053
185053
185053
185053
185053
185053
185053
185053
185053
185053
185053
185053
185053
185053
185053
185053
185053
263838
275057
275057
275057
275057
275057
275057
275057
275057
275057
275057
275057
275057
275057
275057
275057
275057
275057
275057
275057
275057
275057
275057
275057
