0.003000
0.002000
0.002000
0.002000
0.001000
0.002000
0.001000
0.002000
0.002000
0.001000
0.002000
0.001000
0.001000
0.002000
0.001000
0.001000
0.002000
0.001000
0.002000
0.001000
0.002000
0.002000
0.001000
0.002000
0.002000
0.002000
0.001000
0.001000
0.002000
0.002000
0.001000
0.001000
0.001000
0.002000
0.001000
0.001000
0.002000
0.002000
0.002000
0.002000
0.001000
0.002000
0.001000
0.001000
0.002000
0.001000
0.002000
0.001000
0.001000
0.002000
0.002000
0.001000
0.001000
0.002000
0.002000
0.002000
0.002000
0.001000
0.002000
0.002000
0.001000
0.002000
0.002000
0.002000
0.002000
0.002000
0.002000
0.002000
0.002000
0.001000
0.001000
0.001000
0.002000
0.001000
0.001000
0.002000
0.001000
0.002000
0.002000
0.002000
0.003000
0.002000
0.002000
0.002000
0.002000
0.002000
0.002000
0.002000
0.002000
0.002000
0.002000
0.003000
0.002000
0.002000
0.019000
0.003000
0.004000
0.005000
0.004000
0.003000
0.002000
