120486
120486
120488
120558
121622
121622
121622
121622
122537
126994
126994
126994
126994
126994
126994
126994
126994
126994
134247
143315
143315
143315
143315
143315
143315
143315
143315
143315
143315
143315
143315
143315
143315
143315
143315
143315
143315
143315
179628
182440
182440
182440
182440
182440
182440
182440
182440
182440
182440
182440
182440
182440
182440
182440
182440
182440
182440
182440
182440
182440
182440
182440
182440
182440
182440
182440
182440
182440
182440
182440
182440
182440
182440
182440
182440
182440
182440
260831
272353
272353
272353
272353
272353
272353
272353
272353
272353
272353
272353
272353
272353
272353
272353
272353
272353
272353
272353
272353
272353
272353
272353
