120480
120480
120479
120503
121508
121508
121508
121508
122385
126865
126865
126865
126865
126865
126865
126865
126865
126865
133756
143114
143114
143114
143114
143114
143114
143114
143114
143114
143114
143114
143114
143114
143114
143114
143114
143114
143114
143114
180581
183232
183232
183232
183232
183232
183232
183232
183232
183232
183232
183232
183232
183232
183232
183232
183232
183232
183232
183232
183232
183232
183232
183232
183232
183232
183232
183232
183232
183232
183232
183232
183232
183232
183232
183232
183232
183232
183232
261816
273126
273126
273126
273126
273126
273126
273126
273126
273126
273126
273126
273126
273126
273126
273126
273126
273126
273126
273126
273126
273126
273126
273126
