1536380
1536380
1536231
1536613
1536613
1554328
1557564
1557564
1557564
1557564
1557564
1619206
1638568
1638568
1638568
1638568
1638568
1638568
1638568
1638568
1638568
1638568
1638568
1763051
1859701
1859701
1859701
1859701
1859701
1859701
1859701
1859701
1859701
1859701
1859701
1859701
1859701
1859701
1859701
1859701
1859701
1859701
1859701
1859701
1859701
1859701
1859701
1944872
2380369
2380369
2380369
2380369
2380369
2380369
2380369
2380369
2380369
2380369
2380369
2380369
2380369
2380369
2380369
2380369
2380369
2380369
2380369
2380369
2380369
2380369
2380369
2380369
2380369
2380369
2380369
2380369
2380369
2380369
2380369
2380369
2380369
2380369
2380369
2380369
2380369
2380369
2380369
2380369
2380369
2380369
2380369
2380369
2380369
2380369
2380369
2380369
2762374
3503958
3503958
3503958
3503958
