1536382
1536382
1536595
1537045
1537045
1555075
1558331
1558331
1558331
1558331
1558331
1620492
1640141
1640141
1640141
1640141
1640141
1640141
1640141
1640141
1640141
1640141
1640141
1767084
1864100
1864100
1864100
1864100
1864100
1864100
1864100
1864100
1864100
1864100
1864100
1864100
1864100
1864100
1864100
1864100
1864100
1864100
1864100
1864100
1864100
1864100
1864100
1949220
2381557
2381557
2381557
2381557
2381557
2381557
2381557
2381557
2381557
2381557
2381557
2381557
2381557
2381557
2381557
2381557
2381557
2381557
2381557
2381557
2381557
2381557
2381557
2381557
2381557
2381557
2381557
2381557
2381557
2381557
2381557
2381557
2381557
2381557
2381557
2381557
2381557
2381557
2381557
2381557
2381557
2381557
2381557
2381557
2381557
2381557
2381557
2381557
2762118
3501659
3501659
3501659
3501659
