0.031000
0.025000
0.020000
0.020000
0.020000
0.018000
0.018000
0.018000
0.018000
0.018000
0.018000
0.018000
0.018000
0.019000
0.019000
0.017000
0.016000
0.016000
0.017000
0.016000
0.016000
0.017000
0.017000
0.018000
0.017000
0.017000
0.017000
0.017000
0.016000
0.017000
0.017000
0.017000
0.017000
0.017000
0.017000
0.018000
0.017000
0.017000
0.018000
0.017000
0.018000
0.017000
0.017000
0.017000
0.017000
0.016000
0.017000
0.018000
0.019000
0.020000
0.022000
0.021000
0.020000
0.019000
0.021000
0.020000
0.019000
0.020000
0.019000
0.020000
0.020000
0.019000
0.019000
0.020000
0.019000
0.020000
0.020000
0.019000
0.020000
0.020000
0.019000
0.019000
0.019000
0.019000
0.020000
0.019000
0.020000
0.019000
0.020000
0.021000
0.020000
0.020000
0.019000
0.020000
0.019000
0.020000
0.019000
0.019000
0.020000
0.019000
0.019000
0.019000
0.019000
0.019000
0.019000
0.020000
0.021000
0.025000
0.025000
0.026000
0.026000
