1536340
1536340
1536385
1536784
1536784
1554723
1557818
1557818
1557818
1557818
1557818
1619920
1640415
1640415
1640415
1640415
1640415
1640415
1640415
1640415
1640415
1640415
1640415
1766004
1863650
1863650
1863650
1863650
1863650
1863650
1863650
1863650
1863650
1863650
1863650
1863650
1863650
1863650
1863650
1863650
1863650
1863650
1863650
1863650
1863650
1863650
1863650
1949390
2385955
2385955
2385955
2385955
2385955
2385955
2385955
2385955
2385955
2385955
2385955
2385955
2385955
2385955
2385955
2385955
2385955
2385955
2385955
2385955
2385955
2385955
2385955
2385955
2385955
2385955
2385955
2385955
2385955
2385955
2385955
2385955
2385955
2385955
2385955
2385955
2385955
2385955
2385955
2385955
2385955
2385955
2385955
2385955
2385955
2385955
2385955
2385955
2766837
3518182
3518182
3518182
3518182
