0.033000
0.026000
0.022000
0.022000
0.023000
0.020000
0.019000
0.019000
0.018000
0.019000
0.019000
0.019000
0.018000
0.019000
0.019000
0.018000
0.018000
0.019000
0.018000
0.019000
0.018000
0.018000
0.018000
0.019000
0.019000
0.019000
0.019000
0.019000
0.020000
0.019000
0.019000
0.019000
0.020000
0.019000
0.020000
0.020000
0.019000
0.019000
0.019000
0.019000
0.023000
0.022000
0.020000
0.020000
0.021000
0.020000
0.020000
0.019000
0.021000
0.022000
0.021000
0.022000
0.022000
0.022000
0.022000
0.021000
0.021000
0.021000
0.020000
0.019000
0.020000
0.021000
0.023000
0.024000
0.029000
0.029000
0.027000
0.030000
0.028000
0.030000
0.027000
0.024000
0.022000
0.022000
0.022000
0.021000
0.022000
0.021000
0.022000
0.021000
0.021000
0.021000
0.022000
0.021000
0.021000
0.036000
0.029000
0.022000
0.021000
0.022000
0.021000
0.021000
0.024000
0.030000
0.029000
0.030000
0.032000
0.037000
0.033000
0.028000
0.028000
