1536404
1536404
1536321
1536756
1536756
1554792
1558314
1558314
1558314
1558314
1558314
1619780
1639157
1639157
1639157
1639157
1639157
1639157
1639157
1639157
1639157
1639157
1639157
1763816
1862033
1862033
1862033
1862033
1862033
1862033
1862033
1862033
1862033
1862033
1862033
1862033
1862033
1862033
1862033
1862033
1862033
1862033
1862033
1862033
1862033
1862033
1862033
1946804
2382738
2382738
2382738
2382738
2382738
2382738
2382738
2382738
2382738
2382738
2382738
2382738
2382738
2382738
2382738
2382738
2382738
2382738
2382738
2382738
2382738
2382738
2382738
2382738
2382738
2382738
2382738
2382738
2382738
2382738
2382738
2382738
2382738
2382738
2382738
2382738
2382738
2382738
2382738
2382738
2382738
2382738
2382738
2382738
2382738
2382738
2382738
2382738
2761405
3509634
3509634
3509634
3509634
