1536325
1536325
1536325
1536698
1536698
1554454
1557871
1557871
1557871
1557871
1557871
1619812
1639645
1639645
1639645
1639645
1639645
1639645
1639645
1639645
1639645
1639645
1639645
1764439
1861384
1861384
1861384
1861384
1861384
1861384
1861384
1861384
1861384
1861384
1861384
1861384
1861384
1861384
1861384
1861384
1861384
1861384
1861384
1861384
1861384
1861384
1861384
1948423
2383746
2383746
2383746
2383746
2383746
2383746
2383746
2383746
2383746
2383746
2383746
2383746
2383746
2383746
2383746
2383746
2383746
2383746
2383746
2383746
2383746
2383746
2383746
2383746
2383746
2383746
2383746
2383746
2383746
2383746
2383746
2383746
2383746
2383746
2383746
2383746
2383746
2383746
2383746
2383746
2383746
2383746
2383746
2383746
2383746
2383746
2383746
2383746
2766950
3514094
3514094
3514094
3514094
