1536726
1536726
1536679
1537022
1537022
1554998
1558001
1558001
1558001
1558001
1558001
1620016
1640002
1640002
1640002
1640002
1640002
1640002
1640002
1640002
1640002
1640002
1640002
1765633
1862434
1862434
1862434
1862434
1862434
1862434
1862434
1862434
1862434
1862434
1862434
1862434
1862434
1862434
1862434
1862434
1862434
1862434
1862434
1862434
1862434
1862434
1862434
1948937
2384493
2384493
2384493
2384493
2384493
2384493
2384493
2384493
2384493
2384493
2384493
2384493
2384493
2384493
2384493
2384493
2384493
2384493
2384493
2384493
2384493
2384493
2384493
2384493
2384493
2384493
2384493
2384493
2384493
2384493
2384493
2384493
2384493
2384493
2384493
2384493
2384493
2384493
2384493
2384493
2384493
2384493
2384493
2384493
2384493
2384493
2384493
2384493
2764918
3508747
3508747
3508747
3508747
