1536358
1536358
1536211
1536686
1536686
1554410
1557417
1557417
1557417
1557417
1557417
1619344
1638605
1638605
1638605
1638605
1638605
1638605
1638605
1638605
1638605
1638605
1638605
1765343
1864021
1864021
1864021
1864021
1864021
1864021
1864021
1864021
1864021
1864021
1864021
1864021
1864021
1864021
1864021
1864021
1864021
1864021
1864021
1864021
1864021
1864021
1864021
1951260
2382922
2382922
2382922
2382922
2382922
2382922
2382922
2382922
2382922
2382922
2382922
2382922
2382922
2382922
2382922
2382922
2382922
2382922
2382922
2382922
2382922
2382922
2382922
2382922
2382922
2382922
2382922
2382922
2382922
2382922
2382922
2382922
2382922
2382922
2382922
2382922
2382922
2382922
2382922
2382922
2382922
2382922
2382922
2382922
2382922
2382922
2382922
2382922
2768893
3511412
3511412
3511412
3511412
