1536044
1536044
1536039
1536453
1536453
1554489
1557718
1557718
1557718
1557718
1557718
1618966
1639112
1639112
1639112
1639112
1639112
1639112
1639112
1639112
1639112
1639112
1639112
1765883
1861753
1861753
1861753
1861753
1861753
1861753
1861753
1861753
1861753
1861753
1861753
1861753
1861753
1861753
1861753
1861753
1861753
1861753
1861753
1861753
1861753
1861753
1861753
1947839
2380662
2380662
2380662
2380662
2380662
2380662
2380662
2380662
2380662
2380662
2380662
2380662
2380662
2380662
2380662
2380662
2380662
2380662
2380662
2380662
2380662
2380662
2380662
2380662
2380662
2380662
2380662
2380662
2380662
2380662
2380662
2380662
2380662
2380662
2380662
2380662
2380662
2380662
2380662
2380662
2380662
2380662
2380662
2380662
2380662
2380662
2380662
2380662
2762270
3503205
3503205
3503205
3503205
