1536220
1536220
1536585
1537032
1537032
1554711
1558046
1558046
1558046
1558046
1558046
1619610
1639549
1639549
1639549
1639549
1639549
1639549
1639549
1639549
1639549
1639549
1639549
1765139
1862764
1862764
1862764
1862764
1862764
1862764
1862764
1862764
1862764
1862764
1862764
1862764
1862764
1862764
1862764
1862764
1862764
1862764
1862764
1862764
1862764
1862764
1862764
1948774
2381075
2381075
2381075
2381075
2381075
2381075
2381075
2381075
2381075
2381075
2381075
2381075
2381075
2381075
2381075
2381075
2381075
2381075
2381075
2381075
2381075
2381075
2381075
2381075
2381075
2381075
2381075
2381075
2381075
2381075
2381075
2381075
2381075
2381075
2381075
2381075
2381075
2381075
2381075
2381075
2381075
2381075
2381075
2381075
2381075
2381075
2381075
2381075
2761591
3505351
3505351
3505351
3505351
