1535955
1535955
1536109
1536546
1536546
1554219
1557603
1557603
1557603
1557603
1557603
1618992
1638228
1638228
1638228
1638228
1638228
1638228
1638228
1638228
1638228
1638228
1638228
1763026
1860181
1860181
1860181
1860181
1860181
1860181
1860181
1860181
1860181
1860181
1860181
1860181
1860181
1860181
1860181
1860181
1860181
1860181
1860181
1860181
1860181
1860181
1860181
1945916
2378361
2378361
2378361
2378361
2378361
2378361
2378361
2378361
2378361
2378361
2378361
2378361
2378361
2378361
2378361
2378361
2378361
2378361
2378361
2378361
2378361
2378361
2378361
2378361
2378361
2378361
2378361
2378361
2378361
2378361
2378361
2378361
2378361
2378361
2378361
2378361
2378361
2378361
2378361
2378361
2378361
2378361
2378361
2378361
2378361
2378361
2378361
2378361
2755346
3496613
3496613
3496613
3496613
