1535939
1535939
1536137
1536534
1536534
1554816
1558058
1558058
1558058
1558058
1558058
1620465
1640446
1640446
1640446
1640446
1640446
1640446
1640446
1640446
1640446
1640446
1640446
1767232
1863337
1863337
1863337
1863337
1863337
1863337
1863337
1863337
1863337
1863337
1863337
1863337
1863337
1863337
1863337
1863337
1863337
1863337
1863337
1863337
1863337
1863337
1863337
1949551
2384642
2384642
2384642
2384642
2384642
2384642
2384642
2384642
2384642
2384642
2384642
2384642
2384642
2384642
2384642
2384642
2384642
2384642
2384642
2384642
2384642
2384642
2384642
2384642
2384642
2384642
2384642
2384642
2384642
2384642
2384642
2384642
2384642
2384642
2384642
2384642
2384642
2384642
2384642
2384642
2384642
2384642
2384642
2384642
2384642
2384642
2384642
2384642
2767920
3512470
3512470
3512470
3512470
