220099799
220099799
220098630
220220142
221103647
221103647
221103647
221103647
223139449
226406644
226406644
226406644
226406644
226406644
226406644
226406644
226406644
226406644
240986968
242302970
242302970
242302970
242302970
242302970
242302970
242302970
242302970
242302970
242302970
242302970
242302970
242302970
242302970
242302970
242302970
242302970
242302970
275244665
281250272
281250272
281250272
281250272
281250272
281250272
281250272
281250272
281250272
281250272
281250272
281250272
281250272
281250272
281250272
281250272
281250272
281250272
281250272
281250272
281250272
281250272
281250272
281250272
281250272
281250272
281250272
281250272
281250272
281250272
281250272
281250272
281250272
281250272
281250272
281250272
281250272
341539397
367337474
367337474
367337474
367337474
367337474
367337474
367337474
367337474
367337474
367337474
367337474
367337474
367337474
367337474
367337474
367337474
367337474
367337474
367337474
367337474
367337474
367337474
367337474
367337474
367337474
