220100163
220100163
220100783
220221754
221107441
221107441
221107441
221107441
223147939
226421596
226421596
226421596
226421596
226421596
226421596
226421596
226421596
226421596
240992724
242307061
242307061
242307061
242307061
242307061
242307061
242307061
242307061
242307061
242307061
242307061
242307061
242307061
242307061
242307061
242307061
242307061
242307061
275235986
281245881
281245881
281245881
281245881
281245881
281245881
281245881
281245881
281245881
281245881
281245881
281245881
281245881
281245881
281245881
281245881
281245881
281245881
281245881
281245881
281245881
281245881
281245881
281245881
281245881
281245881
281245881
281245881
281245881
281245881
281245881
281245881
281245881
281245881
281245881
281245881
281245881
341538024
367322829
367322829
367322829
367322829
367322829
367322829
367322829
367322829
367322829
367322829
367322829
367322829
367322829
367322829
367322829
367322829
367322829
367322829
367322829
367322829
367322829
367322829
367322829
367322829
367322829
