220098538
220098538
220098670
220220421
221102416
221102416
221102416
221102416
223145222
226412729
226412729
226412729
226412729
226412729
226412729
226412729
226412729
226412729
240996562
242311805
242311805
242311805
242311805
242311805
242311805
242311805
242311805
242311805
242311805
242311805
242311805
242311805
242311805
242311805
242311805
242311805
242311805
275260975
281270770
281270770
281270770
281270770
281270770
281270770
281270770
281270770
281270770
281270770
281270770
281270770
281270770
281270770
281270770
281270770
281270770
281270770
281270770
281270770
281270770
281270770
281270770
281270770
281270770
281270770
281270770
281270770
281270770
281270770
281270770
281270770
281270770
281270770
281270770
281270770
281270770
341541787
367349054
367349054
367349054
367349054
367349054
367349054
367349054
367349054
367349054
367349054
367349054
367349054
367349054
367349054
367349054
367349054
367349054
367349054
367349054
367349054
367349054
367349054
367349054
367349054
367349054
