220102207
220102207
220102169
220222358
221105835
221105835
221105835
221105835
223143124
226408673
226408673
226408673
226408673
226408673
226408673
226408673
226408673
226408673
240985250
242297574
242297574
242297574
242297574
242297574
242297574
242297574
242297574
242297574
242297574
242297574
242297574
242297574
242297574
242297574
242297574
242297574
242297574
275247638
281262640
281262640
281262640
281262640
281262640
281262640
281262640
281262640
281262640
281262640
281262640
281262640
281262640
281262640
281262640
281262640
281262640
281262640
281262640
281262640
281262640
281262640
281262640
281262640
281262640
281262640
281262640
281262640
281262640
281262640
281262640
281262640
281262640
281262640
281262640
281262640
281262640
341556280
367335738
367335738
367335738
367335738
367335738
367335738
367335738
367335738
367335738
367335738
367335738
367335738
367335738
367335738
367335738
367335738
367335738
367335738
367335738
367335738
367335738
367335738
367335738
367335738
367335738
