220100250
220100250
220101163
220222985
221108313
221108313
221108313
221108313
223150173
226414055
226414055
226414055
226414055
226414055
226414055
226414055
226414055
226414055
240992247
242302697
242302697
242302697
242302697
242302697
242302697
242302697
242302697
242302697
242302697
242302697
242302697
242302697
242302697
242302697
242302697
242302697
242302697
275228364
281231732
281231732
281231732
281231732
281231732
281231732
281231732
281231732
281231732
281231732
281231732
281231732
281231732
281231732
281231732
281231732
281231732
281231732
281231732
281231732
281231732
281231732
281231732
281231732
281231732
281231732
281231732
281231732
281231732
281231732
281231732
281231732
281231732
281231732
281231732
281231732
281231732
341546363
367325962
367325962
367325962
367325962
367325962
367325962
367325962
367325962
367325962
367325962
367325962
367325962
367325962
367325962
367325962
367325962
367325962
367325962
367325962
367325962
367325962
367325962
367325962
367325962
367325962
