220100959
220100959
220100360
220221834
221111777
221111777
221111777
221111777
223155239
226419874
226419874
226419874
226419874
226419874
226419874
226419874
226419874
226419874
241005807
242318640
242318640
242318640
242318640
242318640
242318640
242318640
242318640
242318640
242318640
242318640
242318640
242318640
242318640
242318640
242318640
242318640
242318640
275257486
281254040
281254040
281254040
281254040
281254040
281254040
281254040
281254040
281254040
281254040
281254040
281254040
281254040
281254040
281254040
281254040
281254040
281254040
281254040
281254040
281254040
281254040
281254040
281254040
281254040
281254040
281254040
281254040
281254040
281254040
281254040
281254040
281254040
281254040
281254040
281254040
281254040
341538157
367333860
367333860
367333860
367333860
367333860
367333860
367333860
367333860
367333860
367333860
367333860
367333860
367333860
367333860
367333860
367333860
367333860
367333860
367333860
367333860
367333860
367333860
367333860
367333860
367333860
