220100510
220100510
220099953
220221950
221104351
221104351
221104351
221104351
223145770
226418633
226418633
226418633
226418633
226418633
226418633
226418633
226418633
226418633
241007871
242321393
242321393
242321393
242321393
242321393
242321393
242321393
242321393
242321393
242321393
242321393
242321393
242321393
242321393
242321393
242321393
242321393
242321393
275265772
281277113
281277113
281277113
281277113
281277113
281277113
281277113
281277113
281277113
281277113
281277113
281277113
281277113
281277113
281277113
281277113
281277113
281277113
281277113
281277113
281277113
281277113
281277113
281277113
281277113
281277113
281277113
281277113
281277113
281277113
281277113
281277113
281277113
281277113
281277113
281277113
281277113
341566380
367380794
367380794
367380794
367380794
367380794
367380794
367380794
367380794
367380794
367380794
367380794
367380794
367380794
367380794
367380794
367380794
367380794
367380794
367380794
367380794
367380794
367380794
367380794
367380794
367380794
