220098200
220098200
220098892
220219350
221110668
221110668
221110668
221110668
223154253
226420764
226420764
226420764
226420764
226420764
226420764
226420764
226420764
226420764
240993941
242302230
242302230
242302230
242302230
242302230
242302230
242302230
242302230
242302230
242302230
242302230
242302230
242302230
242302230
242302230
242302230
242302230
242302230
275258579
281248582
281248582
281248582
281248582
281248582
281248582
281248582
281248582
281248582
281248582
281248582
281248582
281248582
281248582
281248582
281248582
281248582
281248582
281248582
281248582
281248582
281248582
281248582
281248582
281248582
281248582
281248582
281248582
281248582
281248582
281248582
281248582
281248582
281248582
281248582
281248582
281248582
341531084
367330362
367330362
367330362
367330362
367330362
367330362
367330362
367330362
367330362
367330362
367330362
367330362
367330362
367330362
367330362
367330362
367330362
367330362
367330362
367330362
367330362
367330362
367330362
367330362
367330362
