6.684000
3.675000
2.492000
2.073000
1.907000
1.909000
1.894000
1.906000
1.854000
1.796000
1.794000
1.802000
1.785000
1.788000
1.781000
1.797000
1.770000
1.792000
1.756000
1.766000
1.765000
1.769000
1.787000
1.758000
1.754000
1.747000
1.765000
1.762000
1.770000
1.807000
1.768000
1.775000
1.768000
1.793000
1.791000
1.778000
1.763000
1.869000
1.891000
1.890000
1.891000
1.889000
1.909000
1.909000
1.899000
1.897000
1.886000
1.897000
1.902000
1.896000
1.889000
1.925000
1.896000
1.918000
1.900000
1.884000
1.895000
1.897000
1.903000
1.902000
1.892000
1.893000
1.897000
1.900000
1.907000
1.889000
1.894000
1.900000
1.897000
1.903000
1.887000
1.909000
1.891000
1.898000
1.910000
2.146000
2.253000
2.337000
2.313000
2.301000
2.287000
2.257000
2.271000
2.250000
2.262000
2.248000
2.249000
2.247000
2.253000
2.250000
2.255000
2.239000
2.246000
2.239000
2.274000
2.230000
2.248000
2.238000
2.248000
2.245000
2.286000
