3.620000
2.802000
2.577000
2.475000
2.425000
2.295000
2.316000
2.332000
2.373000
2.370000
1.986000
1.870000
1.849000
1.836000
1.814000
1.844000
1.815000
1.822000
1.803000
1.801000
1.793000
1.799000
1.783000
1.800000
1.781000
1.804000
1.779000
1.813000
1.803000
1.775000
1.778000
1.792000
1.801000
2.347000
2.217000
2.194000
2.238000
2.245000
2.280000
2.343000
2.197000
2.214000
2.319000
2.329000
2.288000
2.344000
2.236000
2.333000
2.313000
2.259000
2.231000
2.279000
2.205000
2.189000
2.290000
2.225000
2.223000
2.190000
2.223000
2.194000
2.220000
2.182000
2.205000
2.406000
2.280000
2.367000
2.290000
2.343000
2.732000
2.561000
2.190000
2.194000
2.249000
2.242000
2.285000
2.562000
2.760000
2.668000
2.724000
2.694000
2.840000
2.679000
2.854000
3.013000
3.117000
2.981000
3.223000
3.297000
3.042000
3.278000
3.120000
3.111000
2.949000
3.180000
3.308000
2.949000
3.215000
2.975000
2.829000
3.059000
2.665000
