2.758000
2.294000
2.129000
2.063000
1.890000
1.909000
1.904000
1.909000
1.878000
1.802000
1.793000
1.785000
1.788000
1.791000
1.791000
1.788000
1.797000
1.783000
1.757000
1.777000
1.763000
1.792000
1.768000
1.767000
1.762000
1.766000
1.787000
1.773000
1.779000
1.760000
1.763000
1.785000
1.786000
1.818000
1.815000
1.777000
1.783000
1.880000
1.902000
1.882000
1.890000
1.891000
1.906000
1.882000
1.880000
1.897000
1.890000
1.898000
1.908000
1.878000
1.891000
1.879000
1.914000
1.897000
1.884000
1.884000
1.896000
1.886000
1.888000
1.897000
1.901000
1.894000
1.899000
1.897000
1.895000
1.892000
1.879000
1.887000
1.879000
1.885000
1.898000
1.890000
1.878000
1.884000
1.890000
2.122000
2.230000
2.228000
2.242000
2.268000
2.237000
2.229000
2.225000
2.213000
2.239000
2.237000
2.231000
2.250000
2.241000
2.236000
2.241000
2.237000
2.252000
2.245000
2.242000
2.234000
2.246000
2.233000
2.245000
2.236000
2.234000
