2.761000
2.293000
2.141000
2.065000
1.892000
1.898000
1.894000
1.889000
1.847000
1.784000
1.802000
1.790000
1.796000
1.777000
1.792000
1.782000
1.775000
1.793000
1.777000
1.767000
1.764000
1.775000
1.772000
1.790000
1.760000
1.764000
1.779000
1.786000
1.780000
1.772000
1.767000
1.771000
1.779000
1.775000
1.774000
1.768000
1.792000
1.869000
1.925000
1.888000
1.903000
1.874000
1.886000
1.890000
1.887000
1.892000
1.880000
1.888000
1.875000
1.883000
1.881000
1.899000
1.900000
1.882000
1.914000
1.890000
1.892000
1.882000
1.877000
1.873000
1.876000
1.869000
1.878000
1.883000
1.868000
1.889000
1.892000
1.886000
1.890000
1.889000
1.879000
1.882000
1.887000
1.909000
1.891000
2.140000
2.230000
2.235000
2.246000
2.249000
2.242000
2.234000
2.255000
2.232000
2.234000
2.249000
2.223000
2.227000
2.223000
2.229000
2.254000
2.244000
2.244000
2.229000
2.236000
2.248000
2.228000
2.227000
2.225000
2.224000
2.291000
