3.295000
2.852000
2.841000
2.891000
2.293000
2.186000
2.186000
2.733000
2.384000
2.099000
2.137000
2.141000
2.180000
2.207000
2.239000
2.194000
2.371000
2.241000
2.226000
2.158000
2.187000
2.336000
2.428000
2.293000
2.209000
2.265000
2.137000
2.227000
2.036000
2.306000
2.331000
1.866000
1.881000
1.979000
1.951000
1.920000
1.964000
2.000000
1.940000
1.922000
1.925000
1.972000
1.932000
1.925000
1.926000
1.912000
1.913000
1.926000
1.916000
1.926000
1.911000
1.936000
1.925000
1.909000
1.906000
1.905000
1.905000
1.897000
1.898000
1.893000
1.911000
1.906000
1.910000
1.885000
1.903000
1.888000
1.907000
1.898000
1.885000
1.889000
1.906000
1.903000
1.894000
1.892000
1.903000
2.157000
2.349000
2.266000
2.254000
2.235000
2.274000
2.255000
2.242000
2.231000
2.261000
2.250000
2.252000
2.236000
2.270000
2.254000
2.255000
2.253000
2.258000
2.259000
2.256000
2.251000
2.259000
2.241000
2.245000
2.235000
2.242000
