571
1353
2326
3077
4108
5115
6334
6923
8021
9176
10288
11476
12867
13911
14512
15458
16619
17789
19073
20275
21510
22776
24055
25393
26771
28079
29410
30849
31622
31963
32686
33981
35423
36563
37822
39087
40471
41762
43177
44544
45836
47285
48634
50025
51519
52696
54208
55459
57211
58605
60019
61423
62882
64383
66056
67150
68378
68888
69528
70006
70685
71630
73066
74374
75696
77247
78641
79749
81201
82535
84056
85323
86694
88258
89799
91236
92712
94181
95592
97137
98403
99880
101147
102553
104321
105860
107355
109031
110317
111814
113154
114807
116362
118103
119350
120719
122592
124194
125651
127151
128362
129840
131468
133515
134852
136536
137926
139607
141449
142693
144666
146293
147101
148053
148827
149264
150100
150781
151603
152003
152988
153668
154359
156035
157415
158696
160096
161658
163191
164671
166077
167481
169067
170589
172130
173391
174916
176435
177956
179215
180791
182320
183907
185345
186892
188687
190226
191683
193247
194593
196055
197823
198990
200813
202129
203775
205525
207000
208256
209909
211257
213061
214619
215995
217897
219221
220932
222192
224177
225500
227090
228723
230244
231782
233711
235324
236872
238825
239890
241685
243151
244980
246173
247822
249743
251344
252335
254369
256211
257765
259206
261051
262866
264494
266004
268161
269094
270772
272315
274331
275841
277174
278718
280921
281832
284032
285720
287315
289202
290104
292190
294204
295543
297655
299177
300639
302991
303944
305978
307932
309395
311215
312734
314414
316039
317361
318004
318633
319280
319653
320989
321568
322689
323352
324057
324986
325726
326621
327419
327973
328766
329569
330354
331388
332254
333033
334661
336263
337702
339472
341091
342554
344205
345831
347246
349081
350658
352324
353684
355357
357001
358555
360176
361677
362989
364675
366341
367967
369495
371126
372991
374346
375641
377578
379204
380899
382317
383935
385292
386968
388528
390398
391729
393066
394813
396601
398163
399650
401514
402944
404847
405991
407827
409621
411228
412766
414301
416116
417907
419278
420975
422753
424503
425973
427861
429032
430893
432532
434007
435521
437624
439026
440417
442182
443929
445507
447410
449011
450480
452312
453950
455856
457091
458726
460057
461441
463493
464747
466604
468188
470044
471686
473188
475164
476739
478626
480189
481805
483534
485376
487005
489030
490388
492084
493637
495414
497104
498093
499975
501895
503604
505833
507441
508665
510619
512139
513861
515637
517564
519327
520970
522549
524437
525347
527244
529190
530782
532993
534260
535818
537394
539677
541203
543088
544291
546736
547769
549781
552059
553146
555222
556312
557957
560511
562211
563063
565362
567430
568733
570480
572949
574148
576228
577779
579796
581837
582742
584759
586140
588583
589725
591432
593263
594886
596713
598661
600394
601780
604155
605678
607317
609744
611318
612972
614780
616464
618735
619960
621886
623957
625298
627116
628814
630771
632530
634378
636006
637969
639660
641268
643500
644689
646986
648694
650188
651949
654715
656228
657441
659693
661323
662898
664939
666449
668358
670252
672210
673705
675535
677366
678945
679661
680581
681363
681945
683366
684172
684882
685659
687026
687113
688402
689248
690827
691089
691938
692853
693605
694759
695159
696835
697012
697508
699220
700111
700613
701836
702643
703626
704554
705284
706368
707210
707979
708166
709719
710919
711718
712252
713438
714442
715722
717272
718854
720725
722028
724104
725628
727337
728558
730647
732448
734100
735786
737609
739121
740515
741751
744256
746042
747319
749020
750931
752647
754197
755844
757258
759777
761231
762474
764268
765936
767652
769639
770890
772883
774380
776217
777675
779591
781171
782957
784419
786369
788022
790276
791485
792882
794771
796415
798433
799980
800923
802969
804797
806064
808105
809345
811106
813095
815261
816767
818096
819857
821349
823483
824412
826538
828574
829464
831585
833748
835206
836828
838316
839969
842195
843501
844927
847235
848386
849790
851760
853226
855161
856897
858653
860636
862371
863471
865882
867472
869467
870675
872766
874410
876221
877515
879549
881016
883010
884962
886241
888471
889610
891191
893339
895087
896275
898320
899628
901478
903989
905413
906878
908851
910659
912505
914094
916171
917922
919108
921091
923390
925279
926740
928328
929635
931466
933287
935308
937116
938220
940090
941728
943605
945556
947164
949330
950709
952208
954256
955284
957959
959731
960772
962391
964657
966388
967709
969528
971130
972904
974581
976937
978412
979925
981645
983504
985229
987023
988741
990666
992103
993486
995066
997665
998919
1001137
1002785
1003961
1006625
1008058
1010048
1012163
1013335
1014999
1017269
1018671
1021437
1022817
1024616
1026167
1028788
1029947
1031485
1033045
1035217
1037918
1038970
1040619
1042383
1044377
1045636
1047905
1049734
1051337
1052922
1054585
1056847
1058697
1060716
1061692
1064093
1065277
1067038
1069357
1071390
1073702
1074488
1076571
1077868
1080122
1081620
1083263
1085643
1086889
1089096
1090263
1091752
1094174
1095553
1097754
1099018
1101067
1102557
1105452
1106757
1108501
1109833
1112178
1114193
1116262
1117322
1118633
1120650
1123119
1124905
1126308
1127915
1129851
1131624
1133622
1135871
1136533
1139558
1141443
1142699
1144615
1145801
1148336
1150237
1152047
1153348
1154824
1156544
1158988
1160730
1162879
1164486
1166422
1168159
1170354
1171963
1173942
1175861
1177739
1180061
1181280
1183231
1185280
1186378
1187629
1190125
1192266
1193623
1195027
1197309
1200224
1200380
1202637
1205153
1207692
1208544
1210374
1212869
1214312
1215607
1217779
1219369
1221352
1223594
1225409
1226376
1228980
1231182
1232016
1233923
1236221
1237928
1240012
1242166
1243994
1245367
1248146
1249318
1251278
1253132
1254964
1257096
1257253
1258853
1261374
1263595
1265006
1267612
1268897
1271387
1272402
1275302
1276288
1278444
1280546
1282956
1284220
1285301
1287603
1289691
1292057
1293014
1295801
1296046
1298570
1300296
1302835
1304172
1307500
1307828
1310480
1311530
1314135
1316147
1317659
1319115
1322206
1324128
1325034
1327075
1329337
1332298
1333053
1334695
1337873
1338660
1340511
1342346
1344993
1345910
1348640
1350549
1351953
1353679
1355908
1356797
1359533
1361944
1363408
1365570
1366925
1368925
1370757
1372986
1375789
1375787
1378329
1380131
1382325
1384773
1386232
1386698
1389225
1392441
1393816
1395643
1396669
1399579
1400256
1403035
1404998
1406052
1408845
1410673
1411722
1413938
1416620
1417926
1419953
1420671
1424177
1424861
1427783
1429072
1431329
1432941
1435325
1437100
1438841
1441097
1442992
1444555
1446807
1447763
1449068
1448486
1450108
1451751
1452259
1453277
1454368
1456012
1456313
1457997
1458042
1459931
1459788
1461276
1462498
1462789
1465337
1466025
1466001
1467882
1468746
1468802
1470876
1471169
1471648
1474033
1473265
1475068
1475783
1477180
1478307
1478713
1480827
1480693
1482147
1483171
1483564
1485719
1486390
1486634
1488128
1488744
1490323
1491562
1491796
1492935
1494796
1494895
1495962
1496805
1498334
1499115
1499962
1501141
1501968
1502916
1503405
1504818
1505759
1506578
1508482
1509435
1509816
1510751
1512390
1513338
1514040
1514961
1516389
1516960
1517403
1519179
1520475
1521085
1522102
1523107
1523855
1524624
1526149
1526450
1527364
1529811
1531575
1532644
1534683
1536604
1538139
1540360
1542262
1544267
1545000
1547415
1549382
1551042
1552673
1553958
1556274
1557788
1559622
1561496
1563064
1565323
1566621
1568433
1570385
1571751
1573479
1575318
1577562
1579111
1580916
1582608
1584569
1586442
1587998
1590081
1591292
1593167
1594932
1597137
1598930
1600461
1602317
1604066
1605823
1607773
1609117
1611675
1613193
1615128
1616763
1617819
1619836
1622457
1624604
1625555
1627371
1629640
1631264
1632565
1634446
1636072
1637956
1639701
1641873
1643445
1645051
1646798
1649084
1650578
1652288
1654163
1655961
1657842
1659462
1661585
1663040
1664343
1666887
1668725
1670229
1671902
1674385
1675421
1676864
1679599
1681150
1682897
1684321
1686649
1688280
1689570
1691357
1693182
1695426
1696548
1699229
1700337
1702333
1704406
1705978
1707103
1709272
1712108
1712547
1715111
1716667
1718450
1720224
1722028
1723825
1725175
1726779
1729310
1729669
1732063
1734363
1736439
1738047
1738560
1741281
1743116
1745208
1746881
1749132
1750418
1752415
1754161
1756144
1758258
1758608
1761415
1762824
1764894
1766733
1768501
1770034
1771780
1773351
1776001
1777929
1779071
1781521
1782283
1783913
1786217
1787592
1788933
1791368
1793577
1794641
1796954
1798861
1800386
1801957
1803777
1805683
1807549
1809101
1810954
1813048
1814802
1816143
1818622
1819444
1821752
1823129
1825736
1827313
1830045
1831328
1832607
1834814
1836536
1837914
1840354
1842087
1843686
1844968
1847236
1848735
1850840
1852976
1855249
1856497
1858510
1859649
1862089
1863730
1866278
1867711
1869626
1871264
1873274
1875112
1876316
1878390
1880990
1882505
1884081
1886026
1887686
1889341
1891651
1893341
1895572
1896811
1899238
1900405
1902294
1905547
1906056
1908286
1910615
1911425
1913687
1914949
1917746
1919314
1921819
1923301
1924180
1926659
1928119
1930114
1932778
1933990
1935865
1937260
1939723
1940953
1942828
1945762
1946995
1948829
1950301
1952073
1954358
1956363
1957464
1959274
1960987
1962473
1963942
1967465
1968422
1969976
1973074
1974246
1975872
1978120
1979210
1981125
1983277
1985263
1987036
1988876
1990975
1992992
1993805
1996463
1998413
2000178
2001506
2002845
2005050
2007343
2009216
2010842
2013110
2014517
2016217
2017608
2020109
2021882
2024526
2025619
2027651
2029778
2031177
2032412
2035094
2036756
2038887
2040661
2042682
2043952
2046533
2047989
2049676
2051328
2053425
2054041
2055921
2058808
2061147
2062391
2063325
2066186
2068289
2070177
2072390
2073832
2076000
2077890
2079021
2081355
2083302
2085053
2086181
2088685
2088567
2091790
2093371
2095446
2096616
2099200
2101014
2102383
2103878
2106193
2108176
2109972
2112251
2114115
2115710
2117263
2119731
2121321
2122928
2124528
2126655
2128641
2130569
2133081
2134101
2136201
2138130
2140113
2142191
2143889
2145764
2148303
2149502
2151289
2153306
2155386
2157253
2158296
2160132
2162213
2164445
2165758
2168365
2170508
2170931
2173495
2176350
2177544
2179182
2182141
2183437
2185583
2187488
2189484
2190912
2193820
2194706
2197168
2197901
2200135
2202136
2204807
2206111
2207743
2209386
2210537
2212936
2215505
2216760
2219315
2221856
2223008
2224639
2226131
2228288
2229923
2232612
2234074
2234967
2237756
2240078
2240858
2243711
2245093
2247972
2249670
2251318
2252827
2255496
2256678
2258466
2260510
2262300
2264305
2266587
2268318
2270627
2272127
2274056
2276776
2278267
2278429
2281765
2282727
2285235
2287099
2289413
2290969
2292721
2294717
2296464
2298177
2301058
2302707
2305217
2306156
2307537
2310143
2310689
2314131
2314964
2317543
2319400
2320718
2323895
2323827
2326847
2328917
2330689
2333079
2334477
2336446
2337733
2339578
2342405
2344509
2346091
2347475
2349064
2351992
2352375
2355160
2358254
2359408
2360469
2362317
2364620
2366737
2367910
2370085
2371390
2374698
2375270
2377531
2379343
2381467
2384114
2386080
2387057
2388823
2390888
2392470
2395492
2396903
2398902
2400373
2401771
2404267
2405777
2407363
2408926
2411917
2413633
2416449
2417891
2419652
2422140
2423270
2424655
2426057
2428578
2430495
2432783
2434073
2436554
2439656
2441763
2443188
2445020
2445696
2447758
2450265
2452020
2452895
2455441
2457437
2458715
2462710
2463147
2465655
2467438
2469181
2471763
2473663
2475418
2477602
2479329
2480685
2481761
2485448
2486274
2488568
2491749
2493137
2494935
2496972
2498547
2501614
2502199
2504972
2505389
2508763
2511017
2511848
2513382
2516052
2517852
2519259
2520412
2523073
2526522
2527344
2528626
2530766
2533097
2535017
2536801
2538164
2541853
2542792
2543988
2546705
2548525
2551344
2552832
2554652
2556761
2558821
2560910
2563005
2563072
2566016
2568581
2569774
2571170
2574645
2576742
2577756
2578377
2581991
2582788
2585974
2587408
2589340
2592407
2593915
2595773
2597147
2599536
2600409
2601934
2604058
2606376
2609030
2611270
2612378
2613934
2616330
2618788
2619400
2621660
2623710
2625721
2627326
2630444
2632738
2633579
2636787
2637249
2639888
2641103
2643991
2646891
2647447
2650128
2651402
2655242
2655377
2657004
2659492
2661253
2662792
2664032
2667729
2669789
2670323
2673417
2675254
2676716
2679850
2680604
2682666
2684585
2686694
2689616
2691108
2693424
2695132
2696701
2698444
2700383
2703155
2704789
2705524
2707130
2709047
2711424
2714688
2715794
2717575
2719562
2720590
2723384
2724909
2727253
2728617
2730949
2733277
2734904
2736568
2738050
2741676
2743308
2745205
2746532
2749132
2750404
2751613
2753316
2756292
2758906
2761335
2761164
2764774
2766156
2767239
2770835
2772040
2774471
2775607
2778431
2780570
2783156
2783255
2786481
2789179
2789304
2792363
2794436
2795507
2797190
2800287
2801420
2803409
2806457
2808182
2810271
2812991
2814937
2814736
2818293
2820066
2822857
2824085
2826565
2827551
2830933
2832269
2834266
2836562
2839272
2840639
2841003
2844274
2845991
2848254
2849717
2851889
2854029
2855484
2857828
2860136
2861018
2863673
2865501
2866788
2869266
2871755
2873732
2876561
2877615
2881173
2881380
2883981
2884844
2886786
2889966
2892105
2892765
2895518
2898349
2898815
2901257
2904552
2906493
2907368
2909002
2912436
2914002
2915153
2918065
2920684
2922723
2923886
2925975
2927839
2929856
2931033
2932929
2935811
2935607
2939369
2942206
2943628
2944909
2947649
2948548
2952340
2955302
2956286
2958001
2961084
2962493
2963908
2965456
2967716
2969559
2971682
2973674
2976550
2977121
2979198
2981429
2984077
2984947
2986819
2989123
2992208
2992653
2994219
2998022
2999638
3000521
3004052
3006112
3006096
3009243
3010766
3013965
3015218
3016640
3020920
3021309
3022969
3025472
3028291
3028281
3031688
3032816
3035674
3037879
3037893
3041037
3043072
3045110
3047145
3048541
3050825
3053781
3055487
3056865
3058596
3060299
3063959
3066286
3067559
3067785
3071401
3073197
3073981
3075841
3076520
3078291
3079645
3080184
3081787
3083262
3084037
3084982
3086140
3087050
3086899
3089387
3089865
3091865
3092812
3092620
3093684
3095391
3095828
3096880
3097181
3100551
3101481
3102297
3102193
3103127
3105594
3105743
3107279
3107399
3108956
3110534
3110902
3112884
3112998
3114561
3115951
3116721
3115863
3119823
3120138
3120493
3122821
3122923
3125305
3126109
3127420
3126985
3128360
3130554
3131029
3133326
3133748
3134018
3136738
3136711
3137573
3139471
3140107
3140756
3143156
3144068
3143977
3144936
3146920
3146525
3150020
3150276
3150885
3152788
3152063
3153381
3155301
3155701
3157647
3157806
3158887
3160378
3161325
3162275
3163215
3164089
3165443
3166322
3166668
3168789
3170625
3171651
3172164
3173369
3173788
3176171
3176760
3177215
3179588
3180006
3182284
3181968
3182854
3184571
3185304
3186286
3187236
3189297
3189486
3190052
3192708
3193343
3194407
3195304
3197017
3197690
3198928
3199704
3201082
3201479
3203123
3203057
3205350
3206520
3206824
3208554
3209589
3211211
3211121
3212338
3214416
3214767
3216591
3216758
3218526
3218560
3219915
3222142
3222503
3224136
3224079
3225657
3226572
3227137
3228688
3229674
3230694
3232465
3233343
3234987
3235071
3237063
3238063
3238724
3239219
3241946
3242150
3243187
3244221
3245853
3246137
3247342
3248223
3249991
3251278
3250789
3253852
3255901
3257129
3259208
3262128
3263859
3264774
3267136
3269609
3270930
3272697
3274842
3276740
3278388
3279851
3281544
3284069
3285864
3287687
3289030
3291638
3294120
3295517
3296987
3298632
3299976
3302121
3304468
3306747
3308970
3310130
3312766
3313531
3315692
3316631
3319984
3321475
3323521
3325119
3327512
3328986
3330400
3332864
3334718
3337267
3338886
3340554
3342777
3343774
3345829
3347559
3349771
3351179
3353143
3354908
3356550
3358282
3360457
3362603
3363975
3365752
3368644
3370614
3371604
3374511
3375287
3377919
3379577
3381697
3383192
3385117
3387764
3389376
3390857
3392891
3395241
3396626
3398759
3400841
3403070
3403611
3405696
3408270
3409819
3411592
3413494
3415815
3417653
3418753
3420208
3422807
3423991
3427094
3428417
3430153
3432053
3434543
3436031
3437005
3440788
3442011
3442868
3446564
3447301
3448935
3451160
3452126
3453964
3456447
3458763
3460527
3462225
3463943
3466238
3468555
3469427
3472577
3473511
3475282
3477117
3480146
3481749
3483662
3485859
3487102
3488840
3490615
3492785
3494235
3496289
3498387
3500751
3502479
3503539
3506435
3507566
3509799
3511793
3512975
3514843
3517283
3518758
3520047
3522260
3524359
3526836
3528470
3530212
3532158
3533955
3535987
3537513
3539514
3540966
3543512
3544613
3547664
3549017
3550282
3552559
3554462
3556463
3558267
3560981
3562528
3563567
3566513
3567682
3570291
3572066
3573847
3575622
3577937
3580715
3581642
3583621
3584881
3586548
3588726
3589764
3591815
3594102
3595539
3598511
3599529
3602222
3604916
3605927
3607807
3609482
3610764
3613186
3615756
3617517
3619023
3620719
3622501
3624415
3626196
3628902
3629493
3632317
3633679
3636888
3638101
3640345
3641443
3642590
3645247
3646440
3649056
3650583
3652778
3653740
3656646
3658317
3660489
3662203
3663993
3666471
3667525
3670244
3671317
3672895
3675171
3676640
3679084
3679538
3682292
3684579
3686117
3688219
3691011
3692386
3694100
3695943
3697811
3699419
3702180
3702516
3705389
3707116
3709493
3710703
3712728
3715087
3716844
3718399
3719274
3721879
3723904
3725598
3728476
3730447
3732218
3733937
3735890
3737350
3739849
3741721
3743703
3745220
3746583
3749344
3751324
3753209
3754799
3756398
3759230
3760327
3762206
3764608
3766265
3767910
3770045
3771717
3773001
3774464
3778118
3779035
3780577
3782087
3785166
3787042
3788486
3790599
3792056
3794938
3795380
3797234
3799046
3801197
3802795
3805204
3807390
3809564
3811948
3813282
3814952
3817074
3818413
3820238
3822861
3825153
3826581
3828617
3829846
3831417
3834022
3835837
3837541
3839633
3841883
3843843
3845204
3846973
3848491
3850631
3851973
3854328
3856455
3858353
3859725
3861702
3863543
3866053
3867141
3869438
3871677
3873177
3875422
3877827
3879066
3881028
3883063
3884541
3886739
3890255
3891991
3894305
3895092
3897607
3899163
3900893
3902639
3904687
3905659
3908441
3909876
3911464
3914445
3916243
3918325
3919957
3922348
3924203
3925818
3928408
3930075
3931951
3933252
3935623
3937130
3940464
3940402
3943654
3944169
3947190
3949143
3950820
3952911
3954518
3957340
3959251
3960489
3963471
3964295
3966018
3968788
3970534
3972220
3973759
3975601
3977129
3979203
3981942
3983656
3985112
3987401
3988979
3991482
3993641
3994937
3996356
3998587
4000513
4003146
4005315
4006406
4009194
4011498
4012576
4015781
4017161
4018248
4020996
4022101
4024203
4025737
4028061
4028900
4030907
4033625
4036316
4037535
4039027
4040697
4044143
4045859
4048099
4049099
4050762
4053596
4054907
4057791
4058954
4060920
4062720
4064268
4067599
4069314
4070202
4072577
4074805
4076641
4078414
4080352
4082803
4084473
4086674
4088478
4089483
4091695
4093488
4096642
4097642
4099945
4101603
4103825
4105159
4106911
4110276
4111178
4112945
4115825
4117370
4118698
4121593
4122560
4126182
4128301
4128811
4131192
4132492
4134075
4136194
4138148
4140142
4142342
4144800
4145267
4148670
4151678
4151857
4154095
4155981
4157250
4160465
4161941
4164980
4165698
4167957
4169395
4170910
4173381
4174941
4177981
4179719
4180270
4182161
4184465
4186920
4189246
4191067
4193449
4193994
4195963
4197468
4200672
4202464
4204561
4206060
4207848
4210120
4213283
4212426
4215584
4218002
4218813
4220985
4223676
4224881
4227993
4228327
4231219
4232178
4234325
4237280
4241012
4240027
4243248
4245194
4246476
4249401
4250762
4251774
4252997
4256186
4259024
4260183
4263035
4263760
4265978
4268194
4271493
4273431
4274294
4276015
4278437
4279556
4282526
4284544
4285184
4288024
4289870
4291825
4293096
4294470
4297194
4298750
4301206
4303119
4305761
4307584
4308823
4311155
4312152
4315647
4315749
4317418
4319108
4321391
4323702
4326008
4329409
4330530
4331149
4335096
4336431
4337980
4339851
4341610
4342892
4345108
4347427
4349040
4350585
4353684
4355208
4357153
4358678
4361248
4361184
4364810
4366710
4368381
4371330
4372664
4374988
4376137
4378739
4379755
4381588
4385030
4387473
4388594
4390325
4392198
4394124
4394655
4397266
4400494
4401569
4403942
4405443
4406559
4408789
4411202
4413638
4415666
4416604
4419256
4421188
4423732
4425187
4427104
4430046
4430819
4432623
4435826
4437006
4439326
4441313
4441905
4444123
4445397
4447896
4449293
4451873
4454399
4455573
4457915
4460334
4460800
4464161
4465159
4467945
4469943
4472762
4474303
4476098
4476851
4477870
4480936
4482222
4484485
4486876
4488849
4490777
4491485
4493574
4495732
4499051
4501015
4501802
4504848
4506887
4509819
4511269
4511424
4513720
4516920
4518617
4520805
4522019
4525254
4527648
4528448
4530954
4532026
4535525
4536911
4538511
4539556
4541628
4544233
4547037
4548680
4550967
4553445
4554960
4555379
4559431
4560791
4562366
4564542
4565630
4567478
4569995
4570662
4574804
4576172
4577329
4579820
4580837
4584274
4585204
4589224
4589955
4592102
4594025
4596283
4597398
4601086
4601862
4604186
4605171
4607947
4609560
4612049
4614554
4616238
4617580
4620098
4621306
4623547
4625284
4626354
4629999
4630000
4633778
4634507
4636842
4639070
4641759
4644010
4645232
4647330
4648650
4652781
4654236
4654542
4657420
4660174
4660887
4663492
4665608
4666507
4669348
4671831
4674074
4675943
4677451
4680369
4681660
4685032
4685165
4686202
4687976
4691389
4693016
4695314
4696602
4698741
4701325
4702444
4706483
4707483
4709621
4710349
4714023
4715287
4717081
4719623
4721660
4722003
4724470
4726020
4729153
4730915
4733126
4734511
4736832
4739091
4741497
4743307
4745340
4747607
4747908
4751326
4751623
4754270
4756662
4758876
4759092
4762196
4765060
4766545
4768949
4770830
4772410
4773355
4777460
4778552
4780366
4781758
4785262
4786418
4787900
4789819
4791996
4794208
4796910
4797896
4800978
4801999
4804748
4806350
4807448
4809336
4813675
4814191
4815721
4818109
4820268
4822796
4824282
4825165
4829067
4829290
4831654
4834218
4836286
4839494
4839240
4842645
4844569
4845463
4847052
4850831
4852679
4854137
4856695
4859357
4861609
4861896
4864450
4865926
4866427
4869212
4870263
4874462
4873925
4877001
4880644
4881829
4883977
4886237
4888889
4890520
4891545
4892492
4894737
4896557
4900304
4901176
4903697
4904840
4907499
4910508
4912540
4914330
4915385
4917623
4920229
4921336
4924220
4925013
4928321
4929033
4931579
4933696
4935361
4938309
4939344
4941806
4943405
4944259
4948630
4949010
4951414
4953126
4954986
4957934
4960478
4961145
4963038
4965071
4966406
4968723
4971000
4973765
4975538
4976980
4979239
4980610
4983131
4986390
4987799
4989093
4990545
4993019
4994540
4997990
4999944
5000605
5002957
5004684
5006829
5009074
5011065
5012994
5016119
5017885
5018395
5021999
5022423
5024246
5026172
5028940
5030193
5031701
5035832
5037758
5041574
5040923
5042684
5045283
5047905
5049520
5052410
5051550
5054860
5057660
5057608
5061439
5062785
5064927
5067178
5069434
5070761
5073117
5074512
5077237
5079845
5082679
5082631
5084088
5087997
5089256
5090997
5092867
5096403
5097752
5098916
5100282
5103253
5103940
5106504
5107496
5110572
5112669
5115796
5116373
5118738
5121788
5121539
5124994
5126214
5128584
5131233
5131953
5135508
5135980
5138177
5140085
5142472
5144053
5143680
5147204
5149545
5151752
5151775
5155154
5159731
5160088
5162518
5165143
5166175
5170048
5170887
5172447
5175312
5176358
5177577
5181955
5182925
5185382
5187010
5189412
5192512
5192104
5195600
5196143
5199626
5201303
5202779
5205194
5205173
5207966
5211081
5212464
5214516
5217956
5218935
5221957
5223975
5226491
5225709
5229873
5231078
5233842
5237375
5238982
5240332
5242626
5244096
5247889
5248435
5251460
5252215
5253110
5256912
5257130
5260211
5261529
5265092
5268390
5268921
5271897
5273000
5275842
5277210
5279000
5281876
5282614
5284896
5286216
5289101
5289716
5293738
5293193
5297621
5298796
5301338
5305301
5305180
5307110
5308174
5311663
5313090
5315919
5318858
5320373
5320397
5324843
5324792
5328084
5329185
5330858
5333001
5336087
5338316
5340523
5340928
5343305
5346527
5347833
5350166
5353285
5353250
5356893
5356034
5359872
5360294
5363379
5366832
5368181
5371165
5372411
5373768
5377547
5378394
5381044
5381960
5383746
5387698
5388223
5390734
5392447
5394205
5396205
5398039
5401383
5402566
5404451
5406560
5410633
5411704
5412859
5415629
5416744
5419822
5422002
5423356
5424057
5426855
5429678
5432666
5433221
5435451
5437497
5439186
5440664
5443317
5445199
5448892
5448457
5452225
5453465
5455266
5456901
5459332
5462817
5464674
5468805
5466222
5470795
5472211
5474210
5475311
5477235
5480808
5482701
5483518
5486687
5487576
5490856
5493337
5493803
5496191
5499869
5500573
5504127
5504291
5506829
5508810
5512855
5512379
5515633
5517068
5519524
5520201
5522921
5525094
5527715
5530117
5532236
5534106
5536288
5536310
5539236
5542346
5544456
5545345
5548229
5549040
5551352
5554673
5555426
5556525
5558556
5559756
5563902
5566806
5567122
5570318
5573729
5574492
5575410
5578459
5581161
5583385
5584291
5584690
5587760
5590406
5593562
5594797
5597401
5600243
5602017
5602824
5605348
5607916
5608471
5612040
5612536
5615607
5617619
5617493
5621105
5623107
5625317
5626254
5628820
5631145
5634393
5634463
5637786
5638526
5641019
5642711
5643514
5647301
5647607
5652726
5653468
5656655
5658022
5659733
5660487
5664112
5666279
5668764
5670873
5672619
5674364
5677866
5678100
5680368
5682109
5683287
5685878
5688521
5692030
5692824
5694917
5696097
5698584
5700715
5703916
5705070
5706327
5708935
5709718
5712320
5715349
5715827
5718705
5721003
5723864
5724980
5727305
5728963
5731970
5732101
5734174
5737379
5740471
5741199
5744213
5744836
5746973
5749614
5752946
5754281
5756814
5758098
5758859
5763320
5764750
5766476
5767953
5770662
5772126
5773201
5776601
5779329
5778971
5782758
5785665
5787213
5788997
5790685
5794124
5795527
5796477
5799568
5801902
5802191
5804647
5807285
5808053
5810763
5811696
5814600
5816891
5818516
5821563
5825036
5825714
5827378
5829702
5830875
5834737
5835224
5838443
5838221
5841617
5844606
5845518
5848770
5850292
5851967
5854453
5855807
5856860
5861464
5862460
5863730
5866628
5869549
5872684
5872759
5874879
5877313
5879172
5881574
5884592
5886332
5887560
5890114
5893629
5894700
5897212
5896386
5901631
5904166
5905302
5907845
5909918
5908737
5912532
5914127
5917156
5919188
5921527
5923832
5924127
5927934
5929129
5932175
5933261
5935218
5936925
5939673
5943120
5945118
5946290
5946968
5948656
5953256
5954058
5955545
5959590
5961039
5963802
5966005
5966659
5968004
5971219
5973579
5973460
5976569
5977996
5983916
5982904
5984746
5987499
5990338
5993023
5994795
5996219
6000543
6002462
6005120
6005521
6006815
6008072
6009927
6012774
6013974
6018042
6020518
6021821
6024811
6026929
6027507
6028162
6031896
6033433
6036750
6038391
6039427
6040702
6043953
6046818
6048547
6050294
6052462
6056817
6056902
6059837
6060544
6063326
6066888
6067854
6069911
6071105
6073991
6077860
6077562
6078516
6080866
6081915
6083209
6088502
6091505
6094649
6093216
6096129
6099682
6101587
6101620
6106484
6107104
6108399
6112032
6112310
6114854
6118268
6119119
6120927
6124290
6124965
6127242
6130110
6133329
6134780
6136965
6138938
6142232
6143719
6144101
6146987
6149109
6151115
6155619
6155713
6155460
6159365
6161143
6162146
6164530
6168621
6169434
6171036
6174474
6178077
6178096
6181799
6181467
6184991
6187063
6188663
6192215
6194071
6192611
6197084
6197136
6201159
6204607
6204046
6206632
6210177
6210775
6213917
6214590
6217350
6219633
6221631
6224605
6227090
6228713
6229344
6231998
6234734
6235197
6239336
6240802
6240691
6246110
6247263
6249957
6253446
6252500
6256374
6260087
6260737
6261984
6263769
6265223
6268360
6270371
6273520
6273682
6276665
6276865
6278909
6283087
6283108
6285817
6287389
6290541
6292714
6293801
6296426
6301448
6302526
6305088
6306784
6306206
6308735
6312950
6315325
6315053
6318472
6317102
6323463
6323443
6325961
6328568
6329415
6330243
6334504
6336586
6339113
6340258
6342174
6345664
6350867
6350851
6351009
6352029
6355316
6357684
6360946
6361102
6363657
6367177
6369737
6371297
6373852
6375980
6375721
6379376
6381953
6382633
6383365
6384744
6389592
6391322
6392238
6397521
6396216
6401089
6402833
6402889
6406295
6409371
6410364
6412533
6414919
6417806
6418206
6421225
6421246
6424802
6428571
6429961
6431102
6432701
6436032
6437577
6439244
6442448
6442789
6445960
6449488
6449821
6451816
6455343
6457194
6458344
6460007
6461194
6463167
6466243
6468084
6471432
6472052
6474312
6476606
6480997
6481687
6482893
6486758
6489579
6488019
6492218
6492774
6494714
6497921
6498277
6501852
6503718
6508031
6508634
6509666
6511497
6512639
6509593
6513283
6514900
6515390
6517767
6518065
6521202
6522228
6522472
6522076
6523047
6527090
6526009
6527680
6527314
6531855
6532409
6531939
6534540
6535526
6535082
6539261
6539134
6539563
6539678
6542728
6545124
6543695
6546140
6547956
6547299
6550328
6550058
6552378
6553918
6553452
6553927
6557386
6558875
6560072
6561641
6562156
6562385
6565295
6566146
6567556
6566458
6568759
6572374
6570710
6571411
6572810
6574729
6574740
6577068
6576718
6581515
6579148
6583259
6583315
6583582
6586864
6586211
6589960
6590270
6590207
6590448
6592852
6591037
6593483
6594097
6596254
6599559
6600588
6602123
6602224
6601938
6603375
6605977
6606244
6607052
6608713
6611775
6612455
6614046
6613773
6614920
6616509
6618931
6619469
6619986
6621057
6622980
6624672
6623477
6626296
6628140
6629557
6628217
6631801
6631330
6633802
6633520
6635073
6635982
6638328
6639123
6639972
6642254
6643525
6643576
6644766
6645877
6647513
6650324
6649604
6651525
6652829
6652619
6655269
6655792
6657553
6659246
6659551
6659948
6661543
6662168
6663973
6666480
6665385
6666588
6668619
6669382
6670010
6672965
6673341
6673059
6676267
6677893
6676255
6679505
6679414
6681612
6682880
6683356
6684935
6687506
6686276
6688332
6690926
6691395
6692229
6694788
6694094
6697627
6697509
6697700
6700516
6700000
6701114
6702185
6705434
6705547
6706636
6708629
6709523
6711012
6711894
6713043
6712566
6715140
6716705
6716157
6718710
6719924
6721989
6722730
6722268
6724622
6725361
6728187
6727676
6729663
6729446
6731938
6732975
6735367
6736356
6737835
6739190
6738871
6740164
6740018
6743652
6744091
6745677
6747232
6744772
6748569
6748666
6751418
6752440
6753677
6754982
6756412
6757552
6758164
6757935
6760828
6761371
6760746
6762856
6763524
6765827
6767977
6770486
6769232
6770067
6772271
6773098
6774883
6776658
6776987
6778795
6779295
6780455
6782112
6783856
6783483
6783917
6786777
6788226
6788358
6789952
6791668
6791925
6793089
6794148
6794877
6798540
6798653
6799232
6800664
6801101
6803004
6804662
6805010
6807295
6808533
6809822
6810281
6810656
6812822
6813514
6814328
6814524
6816625
6818974
6819034
6820552
6822028
6823107
6823652
6826939
6827111
6827820
6829481
6831458
6831672
6833502
6833986
6834097
6836101
6836509
6838688
6839891
6841370
6842968
6844341
6844978
6844981
6848012
6848668
6849701
6850647
6851339
6852894
6853827
6855035
6856821
6857699
6859777
6860419
6861317
6862352
6863309
6864572
6866011
6866479
6868167
6869729
6870323
6870977
6873477
6874172
6876260
6876169
6878299
6879410
6881602
6882534
6883129
6884923
6885863
6887536
6888959
6888756
6890202
6891476
6891969
6893588
6894160
6896284
6897211
6898383
6900908
6902423
6905506
6906607
6908913
6910671
6913304
6914883
6916667
6919314
6920917
6922713
6923993
6927089
6929043
6930873
6932909
6934451
6936087
6939772
6940708
6942950
6945067
6947202
6947484
6951018
6952571
6953567
6956845
6958933
6959691
6962530
6964662
6966610
6968036
6969044
6972718
6975416
6976615
6978839
6980239
6982303
6984002
6986847
6987661
6990403
6991255
6994412
6996753
6999125
7000340
7002337
7004062
7005820
7007996
7010165
7011501
7012968
7015656
7018052
7018729
7021734
7023240
7025462
7027562
7029472
7032377
7033683
7035719
7037808
7039942
7042159
7043505
7045293
7046739
7049155
7050871
7053317
7055268
7056330
7059230
7061654
7063920
7066585
7067327
7069497
7071970
7073727
7075514
7076977
7078496
7079564
7081674
7085144
7088384
7088149
7091801
7092049
7095217
7096573
7098632
7100207
7102574
7105471
7107284
7109548
7110163
7112180
7115084
7116708
7118345
7120465
7122022
7125030
7125973
7128314
7130382
7132895
7134548
7136036
7138117
7139768
7142675
7144112
7144886
7148243
7150384
7153820
7155102
7156985
7158123
7161878
7161662
7164548
7166791
7169511
7170216
7172575
7174418
7176402
7177908
7180300
7182633
7184922
7186508
7188555
7190055
7192854
7193788
7196569
7198297
7200606
7203191
7203195
7205006
7208232
7210175
7211790
7214911
7214428
7217024
7219871
7222837
7224617
7225785
7227799
7230312
7232255
7233301
7236125
7238421
7239736
7241120
7243767
7246148
7245574
7249371
7251679
7254291
7254925
7257938
7259726
7262405
7263464
7265554
7267181
7269061
7270321
7273207
7276205
7277455
7279416
7280971
7283156
7285560
7286764
7289338
7290272
7294519
7295880
7298013
7299782
7299957
7302386
7304175
7308578
7309105
7309982
7312187
7313435
7316032
7319115
7320905
7323337
7325640
7327065
7329202
7331964
7332448
7333007
7336502
7338960
7341498
7343703
7345302
7347227
7348448
7349511
7353104
7355535
7357278
7359019
7360865
7362856
7365320
7365935
7368824
7371071
7371665
7374129
7376276
7378712
7379909
7382963
7384994
7386864
7387888
7389938
7391631
7394296
7397096
7398123
7400073
7401629
7404034
7406595
7409009
7410596
7413415
7414853
7415815
7418517
7420232
7420499
7424157
7425743
7427458
7430273
7431705
7433718
7434500
7438100
7440791
7441777
7444859
7445958
7448135
7450000
7452555
7453285
7455577
7457761
7459504
7461484
7464171
7465749
7467113
7468659
7471924
7473108
7475809
7477412
7478746
7481561
7483449
7483594
7487747
7488974
7491085
7493508
7495544
7497756
7499105
7501849
7503649
7505244
7508408
7508448
7512087
7513403
7514999
7517383
7518603
7520594
7523063
7524916
7525849
7528966
7529650
7534071
7535252
7536145
7537793
7540290
7543514
7543933
7546566
7548886
7550242
7552828
7554390
7556714
7558184
7560314
7562308
7566075
7566720
7567959
7571445
7572296
7574789
7576414
7577981
7580900
7581392
7583797
7585762
7588498
7590702
7592924
7595006
7597172
7598525
7599635
7601421
7603017
7604834
7609102
7611479
7613090
7614863
7616766
7618774
7621463
7623437
7624784
7626141
7629430
7629762
7632319
7634681
7637007
7638166
7640069
7641729
7643641
7645396
7648387
7649637
7651859
7653151
7656716
7656577
7659365
7662997
7663770
7665647
7668014
7670854
7671052
7673712
7675379
7677086
7680284
7681892
7684720
7685073
7687864
7690817
7693036
7693660
7696925
7699066
7698890
7702737
7704251
7705168
7708021
7709111
7710575
7713265
7715689
7717530
7720051
7722179
7723194
7725478
7728067
7729403
7731277
7733391
7736580
7738123
7739912
7741765
7743425
7744387
7747399
7748921
7750687
7752329
7755664
7758001
7759358
7762396
7762132
7765654
7767524
7768989
7770669
7774033
7774773
7775290
7779718
7779462
7783358
7785440
7786886
7788846
7790395
7792661
7794501
7796570
7799542
7800837
7803609
7804550
7807914
7808778
7810209
7812473
7813890
7816963
7819338
7821184
7823441
7824292
7826046
7829081
7831248
7834239
7835538
7836954
7839244
7840711
7843153
7845524
7845235
7848785
7849762
7853031
7855607
7856865
7857250
7859920
7862732
7863343
7865562
7868401
7870027
7872155
7874747
7876582
7880631
7879530
7881994
7884526
7885714
7888428
7889740
7893249
7894098
7896236
7898358
7901060
7903833
7903644
7905365
7907259
7909656
7911815
7915250
7915908
7917830
7919081
7921520
7925122
7926189
7927013
7930098
7931121
7934060
7937290
7938366
7940760
7941290
7943823
7946516
7946898
7949484
7952305
7953808
7955825
7958098
7958812
7962328
7963512
7965755
7968105
7968983
7971828
7973327
7975468
7977902
7978910
7982155
7984122
7985315
7987751
7989455
7991763
7993322
7995437
7997017
7999499
7999792
8003567
8006109
8006883
8009337
8011066
8013149
8014691
8016812
8018509
8019807
8021106
8026275
8028489
8029210
8030780
8033617
8035585
8038555
8038321
8041453
8043906
8045205
8046529
8049518
8050298
8052909
8054498
8057034
8059141
8060482
8063333
8063973
8066325
8069246
8073118
8072099
8075045
8077413
8078472
8082634
8084471
8086276
8087688
8088292
8089557
8092726
8094223
8096351
8100138
8100025
8102985
8103742
8107393
8107918
8109548
8113042
8114785
8118325
8118767
8121049
8123927
8124956
8127328
8128547
8131501
8132881
8134879
8138445
8139717
8141865
8143211
8144907
8146878
8147771
8150526
8153413
8153667
8156569
8158400
8160268
8163286
8164874
8164661
8169286
8170776
8173495
8174720
8176270
8177645
8181062
8181467
8181797
8185753
8187635
8189102
8192152
8194290
8196157
8199551
8201456
8203126
8204045
8205037
8208944
8212638
8210341
8212994
8216325
8218283
8219933
8222141
8223526
8226634
8228563
8231437
8231676
8235776
8236286
8238465
8240486
8243482
8246058
8247506
8247183
8250845
8252691
8255082
8257657
8257876
8260733
8264311
8264200
8266845
8269409
8271556
8273175
8275157
8277023
8279896
8280926
8282677
8286356
8288017
8289114
8289569
8294509
8295975
8297095
8298984
8302118
8303866
8304145
8308018
8309832
8312060
8312251
8315691
8319648
8321263
8321575
8324152
8325619
8327418
8330166
8333217
8334265
8337162
8337571
8340557
8343857
8344021
8347608
8348995
8349818
8351748
8353255
8356001
8357373
8360443
8362151
8364978
8366236
8368402
8368479
8372154
8374828
8378658
8379392
8382829
8384843
8385166
8387227
8389361
8390542
8393580
8393493
8397816
8398460
8399937
8403485
8404576
8406286
8409586
8412979
8414631
8415359
8419013
8421227
8420684
8423702
8425688
8428024
8429336
8430986
8434331
8436544
8438433
8440455
8442524
8443735
8445139
8447148
8449090
8451774
8454413
8456425
8459148
8461253
8462781
8464372
8466862
8467679
8469376
8473173
8475048
8476851
8478614
8480529
8482289
8484333
8486375
8489048
8491095
8492119
8494081
8497637
8498591
8502375
8504163
8506159
8508455
8509838
8510569
8512265
8515382
8516930
8518617
8520227
8523098
8525083
8525192
8528357
8530147
8533303
8535274
8537089
8539982
8543211
8544582
8544763
8547214
8549553
8552037
8553788
8557546
8557004
8562069
8560593
8564160
8567107
8569059
8570250
8573697
8573315
8576311
8579783
8579870
8581730
8585128
8586712
8588663
8589191
8592960
8593334
8597585
8600062
8600382
8603302
8604804
8606645
8609188
8609804
8613344
8614122
8617546
8618462
8620487
8621551
8625696
8626881
8630518
8631137
8633829
8635952
8636724
8639283
8640495
8642478
8644493
8646395
8648593
8650836
8654160
8656430
8657542
8659283
8661408
8663940
8665398
8668034
8670228
8671903
8673282
8675359
8677332
8679209
8682097
8684691
8685063
8688345
8690729
8692021
8694009
8695535
8698916
8700507
8703714
8705335
8706478
8708141
8710012
8713342
8714618
8718118
8719243
8721781
8722171
8725148
8726665
8728605
8731476
8733667
8735599
8737614
8737763
8741963
8741373
8744858
8748915
8748956
8753504
8753018
8755712
8756525
8759645
8761988
8762309
8764279
8767388
8770299
8771974
8773766
8776672
8777423
8780393
8781087
8785248
8785346
8788439
8789067
8792477
8793250
8795289
8796950
8800989
8802329
8805271
8804683
8808080
8809600
8812334
8814445
8815893
8818979
8819543
8823806
8824881
8827496
8828195
8830179
8831418
8833217
8835542
8839264
8840591
8843134
8844267
8846745
8849044
8849717
8853877
8857220
8858374
8859933
8861262
8862779
8864016
8867663
8869390
8870329
8872415
8874213
8878277
8878910
8882277
8883401
8885016
8887026
8888766
8889215
8894187
8895542
8897140
8898691
8902350
8903468
8906759
8908272
8909113
8911895
8914441
8915800
8917435
8918987
8922131
8923547
8926236
8927566
8930333
8931784
8933626
8937594
8937955
8940094
8943989
8945737
8947847
8948521
8950565
8953294
8953711
8957863
8957193
8961473
8963517
8965281
8966992
8968881
8972003
8972106
8976020
8976610
8978793
8980282
8982314
8985026
8988240
8988831
8991066
8993088
8995914
8996661
8999340
9002218
9002892
9005419
9007886
9011562
9010130
9015259
9016341
9016441
9019973
9024437
9024016
9025883
9027817
9029667
9030919
9035392
9037163
9036926
9040831
9042681
9044931
9046303
9049623
9050925
9052255
9052918
9057476
9057863
9061553
9062453
9064222
9067068
9070231
9071518
9072264
9075541
9077604
9079337
9080485
9082686
9085389
9088316
9088269
9091880
9093092
9095340
9096041
9099504
9101730
9102114
9105600
9106992
9109254
9112008
9113392
9115358
9119625
9118614
9123084
9124152
9126112
9127938
9130949
9132315
9133310
9135728
9138496
9141447
9143307
9144222
9146691
9148009
9150752
9152153
9153488
9157396
9159528
9160549
9162527
9166062
9165818
9169435
9170037
9172432
9174175
9175824
9178981
9181304
9181323
9183794
9186901
9189011
9190649
9194005
9195188
9195556
9197387
9200520
9203900
9205297
9208569
9210324
9211869
9214619
9216081
9217473
9219346
9223892
9223157
9225019
9226412
9230370
9231077
9234729
9236407
9237661
9241265
9242159
9245194
9247063
9247885
9251151
9252776
9253533
9256092
9258541
9260084
9262520
9264398
9265949
9269297
9270961
9272261
9273919
9276629
9279564
9280656
9282738
9285486
9288095
9289639
9291377
9294174
9295309
9297762
9299851
9300925
9302427
9305517
9306758
9310015
9311136
9311957
9315728
9317196
9319318
9323697
9324520
9324937
9326093
9328803
9329898
9331917
9335313
9338113
9338332
9340995
9345710
9345805
9348064
9348926
9352951
9354420
9354841
9356686
9360480
9361157
9365194
9365402
9367477
9369622
9371327
9373508
9376569
9378881
9380458
9383221
9383532
9385894
9388106
9391321
9392866
9395070
9397942
9398115
9402076
9401752
9405416
9406248
9410114
9410277
9413193
9414974
9416056
9419315
9421019
9423095
9424486
9428155
9428786
9432536
9434055
9436617
9438563
9440948
9443025
9444268
9445485
9447119
9451801
9451773
9453784
9456929
9457617
9459948
9462932
9462917
9465888
9468688
9469854
9471806
9473060
9476718
9479118
9481883
9481861
9484157
9485531
9490272
9491862
9492702
9494635
9497687
9500080
9499899
9500666
9503421
9508104
9507250
9511487
9513938
9514261
9515260
9518495
9521116
9523238
9525268
9526833
9528271
9531958
9533962
9535117
9538164
9538349
9542555
9543544
9545425
9547808
9550487
9553033
9553855
9556712
9557142
9559462
9562586
9563624
9566234
9570120
9570879
9573087
9576594
9576675
9581114
9582388
9583407
9586952
9586824
9589402
9591036
9594670
9595978
9597711
9599828
9602131
9603975
9604353
9609514
9611816
9612822
9614100
9616145
9619506
9622460
9623294
9626639
9628162
9629642
9631646
9632094
9636268
9637188
9637221
9641690
9643161
9645951
9649139
9651023
9652085
9652624
9655512
9658033
9660488
9661462
9665560
9668180
9669798
9668915
9672662
9675069
9678652
9679878
9681251
9682273
9685365
9686305
9689459
9692153
9693111
9694861
9699341
9699923
9702856
9704285
9706864
9707269
9710114
9714639
9715386
9716403
9717729
9721751
9723313
9725425
9727787
9731379
9732506
9733782
9735061
9738973
9741985
9742261
9742276
9746977
9749671
9750599
9752611
9754176
9756303
9758033
9759238
9761658
9766201
9766579
9768668
9769613
9774063
9776140
9778522
9780372
9782804
9784076
9785840
9788775
9791499
9790920
9794134
9796603
9799873
9802189
9802014
9804574
9806741
9808378
9810642
9813481
9814803
9816367
9818220
9819131
9824202
9826248
9827372
9829610
9831322
9834883
9834320
9837258
9840473
9841341
9841656
9847335
9849231
9850834
9852250
9855003
9857463
9859139
9862832
9862613
9864483
9866777
9868866
9872520
9873965
9874508
9877421
9880266
9881407
9885167
9887304
9888187
9889338
9891009
9894915
9896288
9898391
9900645
9901556
9905450
9907334
9909470
9910800
9913576
9914301
9916003
9919719
9921142
9924145
9926433
9928384
9929053
9932106
9933393
9937546
9939313
9940680
9942237
9945933
9945801
9950113
9951485
9953612
9955112
9956669
9958973
9961439
9965115
9962940
9967583
9970923
9972665
9973826
9974446
9978338
9977757
9981758
9983212
9985971
9988808
9990595
9992645
9994579
9998481
9998939
10000964
10001761
10003824
10008633
10009796
10010592
10013626
10015959
10017315
10019480
10020900
10024254
10025537
10028194
10029095
10030689
10034432
10036412
10039004
10039685
10041637
10043490
10045167
10049783
10051184
10052817
10056958
10056894
10059298
10058637
10062768
10065093
10067254
10068535
10072736
10072529
10076383
10078148
10079195
10082005
10085148
10086267
10088298
10089282
10091779
10095418
10096207
10097551
10100110
10103168
10102822
10108711
10108070
10112736
10114722
10115909
10118459
10118106
10119921
10123054
10125273
10126801
10129692
10131159
10132992
10136204
10138720
10142486
10142654
10144749
10147552
10148569
10153024
10154291
10156861
10157255
10158947
10162675
10163417
10166303
10167753
10170713
10172137
10174083
10176594
10178422
10181384
10182429
10184190
10187124
10186499
10190917
10193745
10194814
10198108
10199577
10201927
10205559
10205975
10208375
10210887
10210477
10215179
10215114
10216955
10218635
10220724
10223114
10226480
10226990
10230778
10230270
10233228
10235745
10238309
10240443
10242134
10245830
10246244
10248969
10249545
10252837
10255429
10257607
10258723
10263294
10265420
10266192
10268479
10269696
10273626
10272284
10276191
10279634
10280247
10280349
10284955
10286949
10289040
10290374
10292773
10293324
10297435
10297634
10301512
10302476
10305488
10307448
10309095
10312058
10311318
10314868
10318885
10319078
10321603
10323330
10328201
10329526
10332097
10333511
10337249
10337046
10339716
10343311
10341908
10344581
10346738
10349851
10352080
10354949
10355600
10354262
10359692
10358939
10364203
10365681
10367699
10370939
10372096
10374278
10376260
10377083
10380528
10380790
10382971
10387622
10389446
10390076
10392922
10395569
10396771
10399665
10401537
10404782
10406231
10406451
10410101
10412683
10412854
10417114
10417151
10420994
10420824
10421743
10425493
10429443
10431046
10433129
10435972
10437916
10438641
10439570
10443963
10447576
10445247
10450639
10452148
10453742
10454035
10457972
10459141
10462307
10461237
10465088
10466326
10470192
10472978
10473576
10476302
10480363
10481550
10481915
10484512
10485553
10489453
10493768
10492327
10493924
10498137
10500887
10501796
10504612
10505677
10507680
10507752
10512392
10514716
10518251
10517071
10521790
10521247
10523123
10527951
10528263
10529969
10532336
10532402
10536816
10537790
10541149
10542485
10544410
10546790
10550354
10553083
10553205
10554568
10556995
10560854
10563165
10563443
10564677
10567159
10569959
10574954
10575239
10577696
10581265
10580958
10582183
10587994
10588614
10590164
10593799
10593721
10597895
10596588
10599415
10601263
10603598
10605246
10610373
10608383
10614050
10615762
10616527
10619378
10620071
10622700
10625699
10628221
10629992
10631638
10633546
10635458
10637084
10639971
10639749
10644818
10646706
10649313
10650979
10651793
10653312
10656132
10657452
10659958
10662628
10665117
10666162
10668918
10673967
10673081
10674049
10676862
10677455
10680234
10684226
10686181
10686973
10690102
10690487
10693183
10695638
10698144
10701641
10703042
10704171
10705744
10708111
10709604
10711363
10716747
10718108
10719641
10720208
10723511
10724302
10727647
10729946
10733181
10732966
10738478
10736602
10741245
10739718
10743130
10745862
10745875
10752419
10753972
10754434
10758228
10761142
10760459
10760926
10761599
10767945
10770481
10772074
10773465
10777732
10777670
10780284
10781733
10782763
10785971
10786157
10789189
10792628
10795417
10797937
10795920
10799798
10801230
10803742
10807691
10807758
10811833
10811425
10813766
10817207
10820098
10820867
10824211
10822728
10826358
10830782
10830797
10834592
10836060
10837753
10840120
10841206
10842354
10846431
10848414
10850905
10851698
10853423
10857886
10858252
10862039
10863828
10864425
10865756
10869226
10870326
10872871
10875544
10876894
10879821
10882127
10884864
10886018
10886550
10888400
10892633
10894410
10897129
10899893
10901750
10904174
10903866
10906289
10909960
10911677
10913909
10915422
10918947
10919422
10923134
10923705
10927722
10928785
10929848
10934844
10934194
10938542
10940033
10941372
10946864
10947274
10946644
10951347
10951877
10953291
10955989
10959958
10960389
10963636
10963570
10966831
10968091
10971328
10971264
10976844
10978816
10981861
10980612
10982206
10983688
10985477
10990170
10993099
10993592
10997508
10998151
11002340
11002176
11003135
11007571
11011195
11010438
11015041
11017222
11017728
11018911
11021689
11026276
11025685
11029494
11030995
11030789
11034927
11038857
11041278
11042366
11044350
11046944
11045885
11051625
11053796
11055866
11056966
11058596
11060190
11062664
11066285
11067665
11069191
11073286
11073119
11075992
11077762
11080272
11083252
11084752
11088186
11087944
11090479
11091807
11096183
11097445
11100379
11100737
11102733
11105350
11109080
11109970
11111999
11115700
11116480
11119756
11120699
11121731
11125340
11127695
11129620
11130901
11133343
11134982
11135419
11140610
11141781
11145370
11147781
11148369
11151219
11152172
11156721
11157269
11158931
11160280
11164516
11164188
11167944
11169067
11171717
11173587
11176332
11178110
11180686
11182946
11183169
11188171
11189680
11190759
11193809
11196794
11197607
11201253
11201145
11205283
11206456
11207669
11211498
11213490
11215431
11214668
11219746
11221738
11223033
11225219
11228275
11230102
11231656
11233690
11234328
11238958
11240518
11242991
11243847
11246182
11249853
11250486
11252993
11255976
11258409
11261483
11261826
11262320
11266635
11268784
11269250
11271938
11274612
11276944
11278685
11278194
11284171
11287458
11288595
11289441
11292993
11296637
11295521
11298507
11301586
11303558
11304892
11306656
11309916
11312237
11313867
11317139
11317885
11319714
11321628
11323079
11326159
11327215
11330086
11333277
11336048
11336186
11338904
11341810
11344818
11345410
11345807
11349675
11350774
11353907
11353897
11358645
11358808
11361676
11363350
11364749
11368929
11371051
11373522
11372937
11378807
11378234
11379382
11384265
11385577
11386583
11388917
11391565
11395745
11395415
11398631
11401935
11406030
11406659
11407532
11410413
11411158
11414524
11415537
11417696
11420380
11422230
11424707
11425083
11426989
11431605
11434334
11436254
11438762
11438533
11440101
11442724
11446034
11445837
11449365
11453210
11454876
11457021
11458999
11459829
11461867
11463461
11466702
11470270
11471314
11474339
11475563
11479620
11479667
11482208
11483642
11484817
11488939
11492455
11493526
11493742
11499336
11499110
11500708
11502971
11504083
11508445
11510953
11510237
11515080
11515600
11517642
11520033
11521376
11524376
11527575
11529134
11531671
11531225
11534214
11538550
11539646
11544122
11543670
11547244
11548813
11551420
11553436
11556278
11557501
11560740
11561136
11560824
11566796
11566758
11569464
11572859
11574662
11576123
11580038
11582321
11580550
11586233
11588459
11590411
11590510
11595796
11597673
11596935
11602417
11602304
11602909
11604663
11608574
11610448
11612713
11615352
11615546
11616888
11622089
11623584
11624560
11627485
11629709
11631446
11634753
11634746
11638299
11640513
11643500
11643886
11646515
11648278
11651232
11653316
11653658
11656597
11658679
11661791
11664427
11668127
11668106
11670866
11671957
11674419
11676766
11676648
11682170
11682805
11683584
11686106
11687901
11690600
11694164
11699024
11699786
11701631
11701645
11703955
11707114
11710452
11711239
11714012
11713233
11716876
11718967
11723147
11723468
11724692
11727845
11729351
11733371
11735039
11736999
11738122
11738939
11742226
11744331
11747432
11749743
11750977
11753348
11755010
11760729
11759273
11761724
11763202
11767825
11768346
11771022
11774367
11778490
11775928
11779087
11780431
11782108
11787198
11786184
11792611
11792602
11797264
11796657
11795339
11801467
11804512
11804052
11808251
11808966
11809836
11814879
11814481
11816321
11819529
11824111
11824659
11826736
11831463
11831596
11832007
11835332
11837875
11840070
11840372
11843388
11845910
11847138
11851025
11851028
11853319
11857120
11857945
11860239
11864563
11867551
11868615
11869323
11871985
11872263
11877881
11877618
11878343
11882361
11884070
11887125
11889346
11890676
11893394
11892334
11895495
11898975
11901414
11903020
11905630
11906604
11909606
11912470
11914950
11916687
11917306
11920327
11923672
11925462
11925979
11930076
11930755
11932507
11933811
11937270
11938748
11942476
11946049
11946773
11947708
11950745
11950689
11954724
11956498
11959052
11960290
11965517
11964854
11967975
11968567
11974302
11972353
11976153
11981589
11983468
11983131
11986003
11988458
11990354
11990716
11993447
11995486
11997050
11996069
12004975
12003377
12006369
12006490
12010497
12014429
12016482
12017522
12018295
12020856
12024516
12026332
12029637
12030046
12032566
12035403
12038116
12038160
12039759
12042276
12045546
12048288
12050545
12051706
12053970
12054588
12055828
12057878
12060419
12063965
12068659
12067475
12071999
12072450
12075240
12078460
12078756
12081962
12084263
12086111
12088228
12088516
12088774
12094533
12095536
12098056
12099848
12100279
12104199
12104454
12110056
12112332
12111110
12116851
12119112
12119524
12121404
12122314
12123863
12128665
12128354
12131901
12134308
12137428
12139039
12141874
12142599
12147639
12148266
12148663
12150210
12155370
12158712
12157134
12159055
12161799
12164665
12166949
12168377
12170040
12175986
12176157
12179506
12182169
12182498
12182728
12184186
12188381
12190829
12191842
12195661
12197102
12198382
12201430
12203607
12207420
12206264
12209431
12210297
12212964
12214862
12217056
12221447
12221979
12226180
12224158
12228981
12233632
12232243
12234312
12238074
12239152
12242399
12244228
12245310
12248306
12250227
12250044
12253744
12255760
12258431
12258465
12262458
12265374
12270878
12270356
12271037
12271933
12277556
12275746
12280562
12280929
12284727
12287168
12290002
12293534
12291913
12294728
12298721
12298839
12300677
12306368
12306987
12308802
12309977
12313426
12315703
12317493
12318553
12320905
12324630
12326664
12325535
12329879
12328192
12331869
12335772
12338210
12339383
12338651
12346980
12345345
12350948
12352682
12355186
12355417
12356703
12358719
12364261
12364834
12368915
12369874
12368849
12373387
12374848
12378277
12380965
12382892
12384430
12386840
12389207
12392206
12392363
12393354
12399058
12399141
12401212
12402076
12407475
12408695
12408888
12415800
12415314
12416995
12418948
12421635
12425151
12425993
12428314
12429464
12433460
12436235
12437357
12440611
12440716
12445676
12443351
12448595
12451878
12454853
12457584
12458923
12460081
12459297
12464455
12465292
12468621
12473075
12471587
12474006
12475973
12480582
12479397
12483477
12485702
12486673
12489000
12491608
12493505
12497991
12497483
12499694
12502428
12504329
12506692
12507596
12511244
12510508
12516283
12518483
12521035
12521399
12525424
12527398
12529334
12532217
12533955
12536277
12537659
12540534
12542303
12544643
12545468
12548484
12552838
12553254
12556322
12556343
12559863
12561571
12565469
12565502
12570775
12574347
12569304
12575243
12576553
12580787
12582591
12584585
12587183
12590080
12592162
12591577
12593719
12595466
12599064
12600809
12603977
12606058
12609794
12610547
12612941
12615516
12615527
12619747
12619803
12624362
12625701
12627952
12630193
12633075
12636100
12636394
12638385
12640855
12640654
12646448
12646170
12651185
12652190
12654697
12657400
12658609
12662410
12662176
12665543
12669132
12669922
12670748
12673714
12675949
12677581
12679391
12682971
12683592
12685094
12689103
12690050
12693396
12695882
12697840
12700747
12701462
12703086
12706270
12707333
12710198
12711568
12716468
12720147
12719226
12724507
12722723
12726835
12729828
12732313
12732319
12734987
12736539
12739814
12740629
12744099
12747961
12750105
12752421
12753188
12754632
12756840
12759568
12760800
12764390
12763493
12767723
12770477
12773340
12777715
12777387
12778774
12782243
12783419
12784696
12785961
12792012
12793326
12795936
12797367
12797606
12799598
12802571
12805183
12806300
12808233
12812691
12813099
12815996
12818003
12822546
12826848
12825787
12827052
12828010
12834125
12832972
12835254
12840481
12837241
12844033
12843477
12847009
12850910
12849571
12851552
12856306
12857832
12858331
12862455
12866254
12865154
12870279
12869657
12871877
12875102
12877548
12875612
12880541
12881508
12887262
12887364
12892624
12894152
12893375
12897523
12897153
12901058
12904936
12902883
12907569
12909950
12912401
12911931
12916819
12917916
12921374
12922935
12925159
12927956
12927510
12930149
12932511
12935410
12937272
12938824
12944021
12942753
12949655
12947127
12950087
12952649
12958205
12958699
12961052
12960936
12965864
12965642
12970825
12970527
12973672
12977118
12978703
12982159
12981594
12984029
12985107
12989711
12993309
12997240
12995229
12998818
13000338
13001171
13004459
13005589
13009932
13007893
13013119
13012783
13017790
13022327
13024437
13023842
13026843
13026957
13028502
13034031
13032291
13038488
13039093
13041010
13043511
13044521
13045952
13051654
13053064
13054587
13058136
13058922
13063651
13065731
13062844
13069045
13071531
13073390
13076561
13075694
13080020
13081123
13083781
13084707
13086162
13089194
13091102
13095227
13095679
13098577
13099350
13102328
13103951
13108542
13109700
13110280
13114650
13116615
13116800
13120046
13122456
13127918
13130049
13129156
13131897
13130937
13137376
13138139
13141037
13140872
13145586
13149315
13147766
13153076
13154798
13156279
13156666
13162531
13162563
13164014
13165581
13168876
13170499
13172146
13174669
13173372
13179798
13180000
13182699
13186960
13186947
13189460
13190412
13194127
13198172
13198608
13200511
13204862
13203936
13207091
13210463
13210707
13215328
13218021
13219544
13219637
13223210
13223918
13226662
13229776
13231316
13233392
13234542
13240174
13239816
13242155
13244508
13245215
13246772
13252483
13254648
13257090
13258651
13263293
13263245
13265602
13267336
13269204
13271724
13275971
13273765
13278411
13279750
13282196
13286460
13286338
13287680
13289906
13293700
13294005
13298282
13302630
13301946
13306042
13303664
13307974
13311349
13312022
13313031
13315738
13318821
13319846
13322790
13328074
13330826
13329795
13335018
13338333
13340523
13340769
13339128
13342714
13344613
13349142
13349793
13356610
13355573
13355745
13357800
13360659
13363527
13366020
13367978
13372538
13369851
13371501
13375530
13380021
13378504
13385346
13387135
13387554
13390579
13392030
13395679
13395863
13398136
13398554
13403305
13406478
13409584
13409544
13410419
13413844
13416808
13417011
13420320
13420741
13426522
13424811
13429915
13432505
13434824
13437079
13436335
13439025
13441305
13445513
13447683
13451170
13449631
13451655
13454822
13457938
13461371
13460347
13461019
13463573
13466798
13472785
13472297
13475650
13476897
13481053
13480497
13482677
13486418
13488196
13488853
13492367
13495254
13497646
13499044
13502002
13503129
13506848
13511339
13510140
13509608
13514502
13514828
13519813
13521349
13524357
13524914
13530171
13530296
13531444
13533171
13536635
13539003
13541756
13543007
13544490
13548934
13551152
13553749
13553302
13557488
13557083
13561038
13562802
13566216
13569929
13570755
13573356
13574716
13575999
13578389
13579751
13581706
13583551
13588152
13589555
13591964
13591769
13595711
13598252
13599225
13603420
13607579
13609083
13607485
13609770
13612091
13613489
13615715
13621775
13619359
13625167
13624169
13629789
13631031
13635554
13635235
13638337
13638413
13639886
13644961
13646925
13647945
13650303
13653513
13657408
13656653
13658555
13661217
13662989
13667356
13665920
13672885
13673419
13676342
13675482
13678197
13681159
13682406
13683436
13684615
13688233
13690274
13696012
13694705
13697924
13701830
13703210
13704230
13707218
13706423
13713874
13715937
13714928
13715303
13721075
13724979
13724004
13728359
13731026
13729655
13732929
13736478
13735504
13736690
13740514
13739603
13742758
13741888
13745250
13747439
13745007
13748405
13750546
13750876
13754988
13753750
13755211
13756394
13757775
13754976
13760884
13760871
13761593
13763697
13766679
13766177
13768410
13770721
13772045
13770746
13774781
13775491
13774698
13777571
13777071
13780390
13781689
13780626
13786056
13785314
13784951
13788464
13789551
13788651
13790952
13790069
13795108
13795036
13798288
13798982
13798553
13799807
13800721
13804752
13802812
13805212
13806543
13808235
13809708
13809576
13811291
13811717
13812438
13817248
13819043
13820238
13819413
13820995
13821243
13824102
13822538
13827328
13829266
13828427
13828392
13831520
13832837
13833755
13836300
13834986
13840461
13839278
13839827
13838527
13843215
13844980
13843765
13848068
13846605
13849370
13850679
13853892
13852787
13854650
13852467
13857934
13856670
13861654
13861558
13860750
13861269
13865998
13867157
13868673
13869536
13869605
13872852
13872148
13871504
13871896
13876601
13879081
13879492
13878633
13882170
13883033
13885372
13883999
13885742
13885156
13888830
13891154
13891289
13892662
13894253
13895015
13898727
13899352
13900758
13900438
13900662
13902736
13907623
13905890
13906289
13911087
13908679
13911091
13912137
13911859
13912871
13915194
13917380
13919605
13920667
13920375
13922684
13924019
13926918
13926472
13928194
13932185
13928666
13932434
13932511
13933647
13933420
13937430
13936015
13940205
13940267
13941315
13943706
13943138
13944326
13949367
13949277
13952035
13950277
13950922
13952465
13954736
13954693
13957138
13958861
13960138
13961528
13962199
13963142
13963130
13966019
13966981
13969406
13967760
13972422
13969187
13974729
13974775
13975318
13977407
13978467
13981790
13981350
13982048
13981719
13987022
13987027
13989238
13989404
13989231
13993349
13995868
13994651
13995959
14000293
13998736
13997931
14004718
14003469
14004356
14005163
14007750
14007165
14009070
14011903
14010438
14013943
14015638
14012362
14017191
14019069
14019461
14020706
14022936
14023949
14027214
14028332
14027587
14028190
14028483
14031620
14031994
14032241
14034709
14038078
14034932
14039367
14037147
14042453
14045460
14044921
14046191
14047239
14045108
14047741
14049182
14052598
14051276
14054843
14056749
14057891
14056727
14058907
14057723
14062187
14060809
14065041
14063775
14064464
14068973
14071386
14071051
14073449
14072651
14073660
14074703
14076912
14077773
14078317
14080792
14082492
14082861
14084603
14082850
14086052
14087657
14090053
14092560
14092028
14094674
14095932
14096457
14098852
14099372
14100513
14101494
14104312
14104812
14107325
14108275
14105451
14110613
14111109
14110522
14111362
14113512
14114159
14117794
14119453
14119117
14121741
14122693
14123269
14126213
14125327
14129043
14127180
14130246
14130081
14131724
14134387
14135372
14136746
14135451
14138939
14139281
14141713
14144071
14143754
14145780
14145747
14148902
14149615
14151655
14151517
14154390
14154890
14157355
14157737
14157129
14158430
14163232
14162441
14163433
14166068
14166266
14167567
14169275
14172332
14172140
14174081
14173395
14173235
14176577
14177098
14180135
14181403
14182357
14182853
14183790
14185149
14184919
14186586
14189122
14189593
14191136
14193335
14196248
14193813
14197057
14199802
14198945
14200334
14201143
14205371
14204192
14207845
14209104
14209554
14212680
14210949
14212370
14214406
14216698
14216572
14218015
14219611
14219114
14220501
14223180
14225938
14224155
14228525
14228982
14230160
14231454
14232365
14233409
14234643
14237834
14237768
14236264
14240733
14242610
14243903
14243511
14245323
14245397
14248975
14247896
14250574
14253409
14254221
14254417
14255959
14257844
14257371
14259126
14261098
14263282
14263817
14261813
14266408
14268949
14269188
14266319
14269977
14270458
14272451
14273151
14276910
14276765
14280259
14277350
14282294
14283091
14284723
14283091
14285446
14288984
14290231
14290695
14290384
14293892
14294086
14296049
14296445
14298286
14298552
14300832
14302718
14303092
14306362
14306161
14307166
14307893
14308930
14310190
14311057
14312637
14313119
14314966
14317373
14317713
14319830
14321155
14323635
14324668
14324789
14325643
14327009
14329241
14328713
14330600
14333138
14334531
14333946
14335997
14338596
14339179
14341289
14343244
14344276
14343812
14346162
14346678
14349284
14348802
14351296
14350809
14354669
14353041
14356596
14353948
14357038
14359759
14361019
14363104
14362555
14363884
14367949
14368324
14369598
14369068
14369628
14371051
14372821
14376161
14378573
14378582
14379841
14379734
14381987
14381704
14386664
14386699
14387224
14387789
14388347
14390720
14391233
14392035
14393214
14394091
14396746
14396253
14400311
14401469
14400276
14404138
14405532
14407211
14406949
14409363
14411425
14410618
14413856
14412619
14414721
14417205
14416080
14420377
14418787
14418702
14422322
14425132
14427356
14428134
14427827
14431125
14431641
14433244
14433320
14434915
14434882
14437844
14438882
14439609
14440819
14442691
14444026
14442278
14445336
14448182
14447234
14449577
14451906
14453064
14453894
14454965
14456217
14458041
14458318
14458447
14460910
14464755
14464321
14465361
14467911
14468114
14470796
14471044
14472385
14473830
14474411
14476538
14476042
14479461
14478789
14481056
14481771
14484286
14485030
14487140
14488867
14489284
14490519
14491241
14492292
14491814
14495178
14497345
14499095
14498226
14500434
14501481
14501896
14504221
14504704
14507470
14508792
14509447
14511701
14510416
14512021
14514523
14514618
14516280
14517399
14520061
14521214
14524091
14523541
14524396
14525771
14527172
14527986
14530677
14531845
14532788
14535587
14537501
14535196
14539299
14537894
14540669
14542651
14544089
14544555
14547525
14547645
14547429
14549561
14551178
14548706
14553608
14555668
14556280
14558802
14558919
14559975
14559029
14562425
14565382
14564924
14566594
14568523
14569056
14570865
14571710
14573004
14573155
14574867
14576651
14577670
14578847
14580294
14582628
14584382
14586245
14588756
14590951
14591939
14594239
14597276
14600118
14601933
14603617
14604034
14607684
14609361
14611536
14612239
14616330
14618342
14620129
14621165
14623449
14626803
14626905
14630938
14633333
14634364
14637187
14638858
14640622
14644049
14643365
14646809
14649997
14652506
14652950
14655235
14656571
14660079
14661642
14663800
14667085
14666974
14670611
14671624
14673644
14678566
14678010
14679702
14681825
14685120
14685640
14688622
14691455
14693282
14694736
14695956
14698826
14699866
14704307
14702842
14706787
14708259
14711592
14713673
14715585
14716523
14718995
14720718
14724479
14725733
14727713
14730649
14732424
14733717
14735348
14738745
14740254
14742260
14744283
14748314
14749530
14750330
14753840
14754573
14757236
14758509
14762405
14762813
14766840
14769319
14770976
14770328
14775147
14775711
14777330
14778800
14782158
14784655
14787016
14788337
14791016
14792227
14794890
14796261
14799304
14801094
14804098
14805260
14807721
14809164
14812750
14813475
14814387
14817766
14820813
14821064
14823052
14824708
14826879
14830024
14831683
14834278
14835985
14839274
14840627
14841869
14845002
14845513
14849553
14850871
14852458
14853379
14855540
14859039
14861774
14864070
14866947
14866799
14870786
14872474
14873125
14876783
14876985
14879929
14881032
14883899
14884772
14888467
14890458
14891089
14894025
14896162
14899117
14900971
14903401
14905369
14907034
14908915
14910336
14914197
14916107
14915249
14920753
14922495
14924373
14927539
14927691
14929031
14931805
14932684
14935866
14937701
14940090
14940348
14945344
14946786
14948491
14949580
14953809
14954004
14956681
14957783
14962846
14962933
14965200
14965799
14969089
14972095
14971297
14976807
14977084
14979635
14981788
14983658
14986569
14986910
14989933
14990606
14993037
14996904
14997767
14999662
15003163
15005102
15006579
15009270
15012229
15012429
15014750
15016897
15020469
15022154
15023514
15024496
15027486
15028656
15031548
15034560
15037082
15039142
15038416
15041308
15044662
15044835
15050280
15050861
15052342
15055487
15057981
15059206
15060373
15063885
15063331
15069060
15070217
15072624
15074294
15077478
15078786
15080310
15082872
15083553
15086346
15087805
15088587
15092489
15094849
15094945
15097293
15101631
15101627
15104754
15108265
15109409
15111537
15115354
15115864
15116878
15119200
15120406
15123304
15126091
15127178
15130304
15131921
15136401
15136246
15138282
15138745
15142238
15145397
15145225
15148850
15149944
15152443
15155026
15157259
15159102
15160810
15163091
15163831
15167407
15170257
15170828
15173075
15174774
15178321
15180595
15181228
15183314
15186933
15188373
15191503
15191312
15194215
15196590
15197900
15199743
15201474
15204285
15207300
15209929
15211339
15212686
15215343
15217493
15218237
15221345
15223982
15226988
15228238
15231589
15232052
15233254
15236099
15237533
15239048
15243172
15241604
15245999
15247560
15248444
15252909
15252770
15255163
15258446
15260077
15262905
15265472
15266617
15270153
15270204
15274942
15275283
15278003
15279002
15280258
15283804
15285665
15287023
15290490
15292464
15294548
15293914
15298240
15300691
15303525
15306390
15305766
15309265
15310991
15310890
15313300
15316996
15317513
15320216
15322603
15324857
15328295
15330918
15332463
15333057
15334566
15338871
15338380
15342714
15343889
15345285
15348511
15349852
15351309
15354091
15356180
15357878
15358932
15361968
15364599
15366923
15369422
15371917
15374381
15374075
15377350
15379861
15380310
15385212
15385622
15388220
15390449
15391283
15395102
15395894
15400541
15399966
15400204
15403891
15405978
15409938
15411887
15413180
15415389
15417575
15418861
15421892
15422251
15424912
15427566
15428219
15429725
15433826
15434681
15437621
15439736
15440264
15443756
15445302
15448812
15449810
15453498
15454619
15457312
15460157
15458858
15460827
15465080
15464514
15469179
15471709
15473925
15476663
15477298
15479605
15482868
15482073
15486164
15488329
15489859
15491921
15492207
15495479
15497273
15500446
15504026
15505669
15507632
15509676
15509724
15513728
15515836
15517126
15519893
15519185
15523942
15526200
15528126
15528377
15530821
15533207
15537080
15537245
15538362
15541422
15545170
15545896
15547970
15548691
15551672
15553906
15556629
15558487
15559499
15561493
15564782
15565829
15568118
15570711
15573819
15575326
15577217
15578769
15581641
15584156
15586423
15588135
15589266
15591861
15592176
15596264
15598544
15600390
15602913
15604308
15607591
15607966
15610381
15611304
15613820
15617750
15619581
15619717
15623256
15625747
15627387
15629391
15632012
15632619
15634821
15637919
15640334
15641952
15643524
15646740
15647824
15649941
15651458
15653974
15655681
15658754
15658148
15663626
15665405
15666894
15667451
15670435
15672035
15674309
15676879
15679920
15681713
15681582
15685178
15686610
15688383
15692250
15693945
15695481
15698565
15699772
15703626
15704223
15706053
15708740
15710468
15712457
15715295
15716916
15719771
15721367
15721336
15724085
15729294
15727778
15729691
15732534
15734923
15737852
15740393
15740119
15743782
15744993
15747008
15748586
15750821
15752858
15756165
15758043
15761571
15761584
15763851
15766568
15767068
15770999
15772756
15775636
15776755
15779536
15781117
15783538
15785190
15788282
15788312
15790236
15793125
15796846
15797379
15800684
15803109
15803677
15808214
15807901
15809580
15811053
15815376
15817379
15818909
15820031
15821648
15823591
15826325
15830314
15830564
15832392
15836914
15837614
15840019
15843526
15843304
15847547
15847188
15851922
15853247
15854758
15855259
15858146
15860993
15862027
15865416
15867139
15869168
15870258
15874815
15876060
15876890
15879418
15880960
15883706
15888023
15887788
15891764
15893246
15892936
15895122
15899488
15900008
15901500
15903074
15906092
15907679
15910482
15912348
15915570
15917877
15920107
15921638
15923083
15924256
15928397
15927495
15930918
15932844
15935313
15937055
15939009
15940809
15942760
15945795
15947388
15950460
15952396
15955169
15958093
15958124
15960343
15962960
15964486
15968885
15968560
15971063
15973197
15975754
15977536
15979186
15981369
15982023
15985956
15985721
15989106
15993893
15992822
15996418
15996815
15998040
16001232
16003014
16006571
16008598
16011573
16013321
16013039
16015945
16017415
16020949
16024161
16025013
16027121
16030497
16030966
16032854
16034304
16039268
16039387
16040854
16043797
16045491
16047390
16050326
16052667
16055053
16056758
16057589
16060716
16062734
16064096
16066234
16070485
16072445
16072511
16074449
16076638
16078951
16081417
16084840
16087199
16087453
16088752
16090930
16093483
16096176
16098924
16101060
16102542
16103890
16107001
16108771
16108298
16112260
16113965
16115310
16118657
16121085
16123630
16125278
16125471
16128549
16131242
16131477
16134367
16137181
16140027
16140364
16144907
16145518
16148393
16150011
16152186
16154207
16156228
16156886
16160256
16163020
16164597
16168450
16168238
16171747
16172893
16173893
16177034
16178954
16181211
16181392
16184231
16186607
16191726
16191651
16194067
16196272
16197444
16199522
16201582
16204304
16204296
16207834
16210259
16210213
16215634
16214813
16218068
16220327
16221293
16225631
16226067
16230878
16230443
16234255
16236613
16237422
16240251
16242196
16244508
16245604
16248387
16248985
16252659
16255589
16256364
16257617
16260055
16262288
16267152
16265504
16270700
16273804
16273396
16274693
16276835
16279998
16281990
16282435
16286034
16286884
16289510
16291062
16294355
16296050
16296137
16297980
16302950
16305649
16304199
16307998
16309131
16314600
16314506
16316499
16318648
16320017
16323960
16325256
16325775
16327937
16332315
16332906
16335084
16338450
16340195
16340545
16344334
16346310
16349848
16351258
16354924
16355033
16356671
16359123
16359388
16363383
16364372
16367407
16369200
16370358
16373610
16373952
16376848
16378369
16382279
16382365
16384738
16388495
16389415
16390621
16393907
16397613
16398321
16398561
16403059
16403703
16405947
16409466
16410569
16412909
16412412
16418011
16418516
16420582
16422380
16425231
16428706
16428905
16430885
16433668
16435222
16438167
16440578
16443529
16444602
16444640
16446166
16451530
16453171
16455430
16457311
16457303
16462355
16462155
16464266
16468626
16470399
16472445
16474060
16474738
16477203
16479711
16481593
16484184
16485045
16489263
16489504
16490085
16493323
16495712
16498042
16500860
16504415
16504288
16507943
16508773
16511673
16513308
16515169
16515842
16520956
16521449
16523401
16525974
16527658
16527697
16531060
16532278
16534235
16538003
16541321
16542143
16544515
16544619
16547621
16550591
16550878
16553380
16555362
16559007
16560947
16562142
16565235
16566485
16569797
16570670
16572145
16575695
16578750
16579724
16581158
16583125
16584467
16586411
16589723
16593250
16593580
16595291
16597125
16600643
16603024
16603781
16605486
16607067
16609540
16614123
16613711
16617152
16619100
16620086
16623506
16624733
16627336
16630355
16632630
16633914
16636234
16638607
16640330
16642495
16643715
16645125
16647622
16651507
16652259
16655391
16656898
16659984
16659895
16664370
16664910
16666278
16668161
16670527
16673163
16675985
16676343
16679598
16681044
16685486
16686473
16689154
16691219
16691124
16695542
16695462
16699791
16701677
16703320
16703889
16708253
16708157
16711677
16713619
16715317
16716868
16718402
16720696
16723997
16724122
16727401
16729498
16731046
16734004
16736651
16737824
16740940
16742897
16744326
16744496
16747842
16749142
16751812
16755444
16757615
16759142
16761199
16764465
16766301
16769475
16768109
16770353
16772287
16776741
16777360
16778809
16779880
16782847
16785633
16788115
16789348
16793917
16795864
16794164
16797725
16799120
16802381
16806230
16806846
16810598
16810256
16812979
16815453
16817018
16820428
16819575
16824005
16824686
16826924
16829228
16830913
16833428
16835259
16838617
16838468
16839751
16842152
16847758
16848306
16848282
16854089
16855036
16856409
16858819
16861564
16863815
16863722
16868296
16871606
16871341
16873429
16875608
16877240
16881171
16882844
16883566
16886205
16887501
16888775
16891128
16894412
16896375
16897437
16898114
16901281
16904369
16907866
16906825
16909986
16914668
16913023
16917135
16920359
16921902
16923188
16926601
16927073
16931412
16931178
16934407
16935864
16938063
16941122
16943907
16943269
16948741
16947820
16951027
16950834
16955159
16957478
16960762
16959063
16962190
16965047
16968246
16969411
16972738
16974273
16973921
16977134
16978194
16982635
16984575
16985902
16988040
16991273
16991679
16994991
16997691
16998510
16999431
17004434
17004641
17005690
17007819
17011030
17013802
17014382
17020603
17018827
17020086
17024332
17026267
17028495
17030199
17034758
17036380
17036430
17036748
17040261
17043341
17042156
17046696
17047335
17050615
17052493
17054631
17055534
17058031
17061338
17061052
17062999
17067433
17068613
17070253
17073456
17075594
17077784
17079332
17080542
17085299
17088786
17089322
17092847
17090827
17093111
17095722
17098809
17099579
17102583
17103907
17108586
17108428
17108474
17113790
17113978
17119114
17120320
17123229
17124058
17122946
17127170
17129627
17133805
17134302
17135465
17137336
17140473
17141570
17143668
17146034
17147603
17151068
17152867
17154700
17157370
17158493
17160091
17164646
17165873
17167549
17167742
17172050
17173544
17176082
17178792
17180409
17181642
17182315
17186330
17188592
17191216
17193967
17192226
17195855
17196617
17201360
17202940
17206163
17206894
17207402
17212063
17213217
17218498
17216937
17219681
17220631
17222700
17224932
17226113
17229356
17232264
17235581
17235741
17239939
17240247
17242742
17243437
17248098
17247329
17250389
17251799
17256281
17258418
17259124
17261076
17263597
17265086
17268993
17270186
17274545
17275349
17277459
17278385
17280918
17280415
17285386
17286737
17287792
17289959
17293358
17294362
17297142
17299534
17302909
17302454
17306873
17306722
17308686
17310834
17312701
17316705
17319536
17317824
17323244
17324028
17327140
17329466
17331958
17331789
17335259
17338568
17340594
17343279
17342996
17346446
17347730
17348189
17352097
17355237
17356806
17359945
17362050
17363006
17362148
17367459
17369551
17372284
17373243
17375296
17377266
17379167
17381530
17386215
17385719
17387928
17390377
17391431
17394694
17394527
17395895
17400542
17403478
17402348
17406822
17408414
17412361
17414820
17417097
17420325
17420568
17423584
17425186
17425817
17429700
17431700
17435158
17434950
17436033
17439269
17441606
17444648
17446840
17447903
17449395
17452827
17454080
17456298
17457802
17461300
17462274
17467987
17467706
17467686
17472247
17474414
17476979
17476986
17479884
17484438
17483901
17486313
17488013
17489400
17492435
17493808
17495871
17499781
17501428
17505636
17507099
17507977
17509041
17512841
17514570
17516866
17518280
17521506
17522672
17522072
17527318
17529694
17532734
17532302
17534893
17537558
17540417
17541477
17543776
17547344
17547836
17550664
17552404
17554330
17556272
17558307
17561972
17563803
17565422
17568638
17568960
17568272
17571096
17574805
17578635
17579436
17583006
17582014
17585220
17588119
17590697
17593019
17594445
17597627
17601524
17600012
17602885
17605080
17609442
17608056
17611141
17615579
17615360
17619324
17621396
17621428
17623894
17625507
17630890
17632115
17635153
17636837
17637761
17641482
17643635
17642325
17644614
17648182
17649620
17654553
17653578
17655539
17657713
17659598
17664623
17665237
17667335
17670110
17671832
17674746
17674954
17679050
17680325
17685769
17686302
17688742
17686763
17691143
17693683
17695014
17698421
17699759
17701426
17702721
17705225
17707880
17709041
17713131
17715811
17717213
17718471
17720740
17722595
17725054
17727357
17729590
17732495
17735651
17736023
17738995
17740360
17742974
17742756
17746288
17747212
17751087
17752502
17755401
17755134
17759249
17761310
17765300
17765467
17767370
17771003
17772817
17775268
17776036
17779939
17780289
17782603
17784521
17786838
17789508
17791703
17795656
17795951
17799365
17801375
17803317
17803560
17804654
17808655
17810463
17814468
17815157
17816062
17816942
17821494
17822214
17824688
17828383
17830338
17832377
17832785
17836232
17838118
17841791
17841532
17846839
17848361
17848607
17851787
17852606
17856090
17857314
17860753
17862266
17864659
17867516
17868831
17869854
17873661
17874378
17876010
17876806
17880746
17882785
17887262
17888039
17890851
17892134
17893084
17895892
17896575
17902997
17900401
17906625
17906639
17909154
17911779
17911492
17914406
17918026
17917043
17923056
17924405
17926936
17930313
17928904
17932656
17932648
17938103
17939751
17939959
17944530
17945671
17948012
17949295
17951793
17953885
17957046
17958355
17961298
17959473
17964744
17966161
17966482
17970208
17972891
17976829
17976842
17979907
17982369
17984931
17986078
17989520
17990579
17992488
17995518
17997227
17997096
17999077
18002806
18005569
18008131
18010438
18010751
18011921
18015760
18018567
18020864
18022303
18023979
18026358
18028815
18032524
18031111
18032877
18037524
18039421
18042219
18042814
18044717
18046893
18049236
18052475
18054511
18055444
18058949
18060913
18061671
18065326
18068250
18068435
18071539
18074995
18075230
18077199
18080356
18082668
18086315
18084594
18090220
18090112
18094384
18094391
18095450
18099574
18101574
18105021
18105526
18106702
18108595
18110155
18114621
18117225
18117668
18119462
18120654
18125429
18126302
18128989
18130705
18132752
18134304
18138961
18140149
18142013
18143574
18147737
18147077
18148914
18152221
18155250
18157278
18158662
18159939
18163588
18164111
18167348
18169421
18170447
18173975
18175137
18178790
18179830
18181890
18184125
18184379
18186425
18191089
18192180
18194015
18195544
18198374
18200076
18205500
18205842
18207912
18212223
18211857
18214545
18214259
18217326
18222284
18222827
18225520
18226468
18227330
18231356
18233144
18235924
18238721
18239078
18241710
18241702
18245458
18248009
18250888
18252921
18254248
18254969
18258323
18260851
18261174
18264344
18265992
18268590
18270503
18273627
18275162
18276564
18279771
18281450
18283143
18285888
18287284
18289304
18293234
18294788
18297557
18298898
18302903
18304103
18304699
18306201
18310054
18312979
18312456
18315862
18318306
18322089
18322862
18325407
18330301
18331052
18329885
18336939
18333750
18339142
18338703
18342605
18345048
18345273
18347039
18350099
18352112
18355188
18356438
18358142
18361544
18363398
18363926
18368658
18368833
18370272
18374518
18378324
18379756
18382660
18383166
18384213
18389020
18390304
18391014
18394478
18395662
18397508
18398697
18402957
18402797
18406012
18407807
18413411
18412162
18416493
18417940
18418058
18421003
18425394
18426116
18425828
18429504
18432310
18433547
18434883
18437271
18437971
18441029
18445135
18445254
18446978
18450007
18453171
18454417
18457817
18458917
18462210
18463352
18465725
18465899
18472845
18471535
18474997
18476193
18476480
18481204
18483169
18485510
18484952
18488322
18492826
18490210
18495996
18497370
18500275
18500831
18504064
18506962
18507940
18509280
18511836
18513615
18516804
18520230
18520250
18521052
18527411
18529726
18527675
18531982
18533750
18537812
18535831
18542632
18541713
18545162
18545658
18548165
18549487
18552091
18557844
18559092
18558484
18561793
18566364
18567836
18567339
18571996
18572396
18575054
18575606
18578961
18580381
18582136
18585398
18586201
18589653
18592195
18594875
18595719
18598072
18599072
18602250
18606735
18608228
18609520
18609933
18612525
18616007
18619535
18618666
18620730
18622785
18625401
18628662
18629706
18633258
18633925
18636942
18641699
18641992
18643485
18644658
18648123
18649867
18651083
18653691
18654385
18658623
18660579
18664068
18663163
18667099
18669249
18670945
18672916
18676456
18677052
18680639
18681923
18681063
18687501
18688235
18691893
18694937
18693862
18693993
18699929
18700327
18702750
18706536
18706511
18708849
18710901
18714257
18717463
18717383
18722091
18722225
18724567
18729065
18728216
18730014
18731159
18736170
18735630
18738795
18742179
18744344
18745861
18747607
18749854
18751608
18753969
18755907
18758858
18761285
18760951
18764004
18767652
18769307
18772540
18773383
18777435
18777556
18776182
18782333
18785225
18786304
18786129
18790772
18793228
18793480
18795819
18798454
18801484
18804403
18805110
18808067
18811292
18810128
18813489
18817566
18816522
18819491
18822834
18822912
18827621
18828345
18829261
18833621
18834636
18840262
18838714
18841095
18844365
18846485
18847453
18849007
18854488
18852165
18855459
18859097
18860207
18862039
18864891
18867838
18869117
18871724
18874066
18876361
18878487
18878868
18880820
18884478
18886046
18889327
18892812
18891276
18896063
18898404
18901281
18902278
18904639
18905106
18907746
18911358
18910631
18915620
18917066
18921191
18920698
18922146
18924107
18928140
18928300
18931845
18933559
18938320
18938428
18940446
18942582
18941577
18948313
18948060
18951522
18953377
18954402
18955735
18955992
18963458
18966647
18963047
18967261
18969169
18972385
18973901
18976530
18977361
18981478
18981331
18984320
18986405
18989188
18989844
18993288
18994014
18995282
18997827
19002666
19004489
19006647
19009411
19012268
19010467
19014814
19016175
19020215
19019762
19020952
19025799
19025887
19029956
19031902
19031530
19035100
19037177
19039614
19041641
19046097
19046943
19048043
19051079
19053440
19053875
19059562
19059507
19061238
19062827
19064333
19067213
19070469
19075315
