541
1282
2102
2957
3855
4793
5751
6723
7694
8713
9750
10762
11846
12912
13946
15065
16114
17242
18325
19400
20550
21649
22849
23948
25103
26286
27406
28609
29733
30953
32092
33273
34469
35604
36832
38027
39238
40454
41635
42835
44052
45253
46471
47761
48936
50218
51440
52729
53966
55243
56453
57769
58938
60206
61537
62743
64032
65275
66574
67874
69162
70479
71659
72982
74189
75520
76740
78018
79263
80612
81992
83186
84492
85849
87152
88408
89830
91069
92371
93603
94963
96267
97536
98881
100229
101658
102976
104322
105728
106961
108390
109694
111050
112332
113694
115079
116432
117801
119160
120472
121820
123143
124552
125933
127255
128602
129976
131340
132533
133978
135311
136596
138006
139404
140810
142213
143569
144954
146262
147726
149081
150465
151833
153272
154525
155998
157376
158820
160252
161526
162951
164271
165644
167123
168445
169903
171145
172574
173909
175175
176657
178113
179493
180850
182179
183732
185183
186561
187962
189332
190707
192024
193420
194922
196283
197685
199092
200496
201801
203206
204627
206096
207458
208761
210381
211797
213187
214576
216029
217591
218932
220301
221712
223108
224659
226162
227641
228996
230416
231850
233293
234896
236180
237728
239162
240495
242018
243423
244943
246280
247794
249421
250881
252229
253788
254984
256603
258096
259541
260965
262295
263792
265283
266593
268156
269535
271087
272407
273964
275426
276821
278278
279870
281358
282903
284182
285685
287144
288755
289991
291511
293023
294360
295874
297441
298711
300219
301712
303130
304596
306046
307502
308879
310508
312023
313478
315008
316354
317879
319289
320856
322322
323704
325271
326710
328152
329801
331270
332692
334030
335586
337162
338662
340127
341720
343180
344518
346082
347490
349075
350499
352038
353554
354919
356403
357878
359484
360994
362286
363827
365270
366852
368340
369981
371532
372850
374318
375799
377305
378826
380250
381785
383352
384772
386248
387855
389147
390518
392015
393716
395198
396634
398115
399781
401012
402585
404305
405657
407199
408564
410061
411667
413198
414775
416125
417652
419253
420542
422063
423623
425173
426594
428137
429772
431164
432567
434153
435823
437246
438615
440141
441659
443147
444768
446048
447544
449160
450566
451953
453572
455186
456674
458159
459767
461294
462854
464565
466039
467460
469054
470688
472150
473718
475177
476759
478249
479888
481298
482786
484564
486076
487519
489004
490694
492342
493555
495335
496628
498378
499910
501232
502955
504624
506024
507673
509067
510756
512150
513689
515280
516935
518314
520051
521410
523140
524654
526274
527645
529193
530690
532374
533878
535510
537026
538400
540196
541576
543155
544738
546244
547841
549553
550977
552564
553948
555659
557143
558660
560358
561875
563424
565065
566465
567903
569689
571208
572736
574251
575711
577424
578845
580305
582221
583521
585268
586788
588249
589778
591355
592904
594593
596203
597944
599207
600735
602350
603825
605493
607039
608690
610230
611840
613316
614902
616231
617897
619453
620967
622764
624183
625698
627326
628825
630395
631795
633451
635106
636659
638131
639563
641031
642646
644370
645859
647495
649014
650590
652049
653626
655134
656755
658486
659755
661516
663037
664785
666161
667728
669216
670884
672410
674139
675687
677160
678703
680342
682026
683680
685257
686750
688451
689879
691516
693009
694610
696240
697742
699331
700790
702493
704028
705751
707160
708773
710395
712103
713539
715134
716452
718379
719874
721535
723117
724387
726115
727708
729542
730973
732509
734137
735682
737383
738926
740468
741967
743634
745161
746651
748405
749905
751554
753212
754895
756265
758065
759550
760938
762691
764321
765949
767509
769112
770743
772381
773808
775317
777169
778582
780023
781796
783292
784910
786415
788212
789566
791279
792960
794363
796086
797695
799289
800672
802336
804032
805713
807142
808855
810149
811767
813601
815208
816776
818315
819899
821469
823256
824778
826384
828120
829478
831212
832937
834183
835831
837399
839202
840619
842247
843913
845345
846911
848764
850123
851747
853485
855083
856636
858116
859817
861385
863134
864363
866212
867858
869218
870849
872581
874149
875579
877331
878903
880596
882019
883776
885215
886865
888479
889935
891574
893152
894904
896453
898046
899751
900960
902913
904301
905816
907543
909222
910758
912336
913893
915519
917252
918645
920532
921942
923525
925038
926631
928312
929860
931634
933195
934643
936439
937843
939575
941198
942843
944131
945610
947225
948846
950460
952009
953597
955348
956872
958600
960290
961832
963386
964853
966606
968085
970035
971522
973077
974729
976426
977916
979824
981462
982675
984631
986562
987966
989652
991455
992801
994572
996558
997842
999724
1000979
1003031
1004541
1006130
1007611
1009383
1011145
1012831
1014128
1015881
1017428
1019125
1020677
1022511
1024245
1025602
1027490
1029229
1030665
1032300
1034243
1035759
1037395
1039237
1040746
1042501
1044184
1045673
1047355
1048910
1050659
1052250
1053761
1055609
1057144
1058719
1060362
1062082
1063877
1065174
1067106
1068740
1070311
1072017
1073437
1075165
1076802
1078283
1080013
1081750
1083234
1085024
1086645
1088374
1089910
1091693
1093441
1094964
1096666
1098293
1099918
1101288
1103093
1104879
1106193
1107937
1109634
1111230
1113017
1114862
1116161
1118005
1119424
1121195
1122545
1124479
1125992
1127705
1129463
1131311
1132810
1134232
1136006
1137546
1139443
1140869
1142767
1144143
1146027
1147756
1149260
1151026
1152560
1154056
1155836
1157598
1159278
1160641
1162538
1163920
1165718
1167218
1168956
1170556
1172145
1173995
1175548
1177151
1179046
1180610
1182198
1183804
1185470
1187107
1188679
1190235
1191959
1193805
1195141
1196907
1198806
1199997
1202239
1203737
1205672
1207280
1208642
1210527
1212040
1213657
1215215
1217231
1218649
1220462
1222010
1223517
1225163
1226760
1228713
1230313
1231715
1233561
1235114
1236878
1238525
1240217
1241866
1243534
1244937
1247010
1248653
1250034
1251834
1253475
1255209
1256751
1258367
1260125
1261870
1263230
1264775
1266489
1268174
1269864
1271809
1273366
1274842
1276725
1278339
1279845
1281376
1283184
1284961
1286341
1288332
1289793
1291520
1293257
1294674
1296532
1298124
1299706
1301264
1303052
1304974
1306509
1307833
1309782
1311647
1313002
1314772
1316472
1317964
1319631
1321363
1322948
1325020
1326351
1327873
1329658
1331461
1332963
1334944
1336442
1338085
1339640
1341155
1342972
1344430
1346413
1348066
1349653
1351084
1352977
1354563
1356145
1357860
1359235
1361071
1362493
1364265
1366158
1367591
1369333
1371315
1372560
1374066
1376069
1377875
1379542
1380954
1382920
1384551
1386167
1387910
1389404
1391148
1392682
1394366
1396077
1397702
1399643
1400713
1402460
1404630
1406173
1407617
1409356
1411076
1412845
1414427
1415999
1417697
1419355
1420992
1422646
1424416
1426070
1427675
1429467
1431011
1432852
1434422
1435685
1437683
1439551
1441109
1442708
1444498
1446091
1447714
1449520
1451190
1452755
1454383
1455996
1457984
1459446
1461289
1462687
1464347
1466171
1467566
1469287
1471018
1473038
1474617
1476223
1477896
1479673
1481356
1482979
1484339
1486247
1487946
1489647
1491043
1493110
1494722
1496349
1498036
1499561
1501253
1502741
1504475
1506288
1507927
1509388
1510935
1512928
1514691
1516180
1518019
1519663
1521220
1523195
1524738
1526132
1528009
1529674
1531189
1532635
1534440
1536263
1537808
1539895
1541771
1542973
1544713
1546258
1548260
1549772
1551360
1553165
1554868
1556661
1558407
1559843
1561641
1563169
1565040
1566618
1568549
1569891
1571758
1573498
1575177
1576900
1578599
1580398
1581836
1583394
1585309
1587018
1588497
1589993
1592095
1593546
1595094
1596990
1598806
1600432
1601870
1603563
1605392
1607258
1608577
1610714
1612352
1613838
1615768
1617477
1618973
1620931
1622217
1624110
1625422
1627411
1628954
1630862
1632656
1634212
1635781
1637607
1639232
1640955
1642660
1644390
1645981
1647844
1649225
1650781
1652676
1654373
1655849
1657809
1659513
1661087
1662650
1664686
1666018
1667774
1669686
1671511
1672922
1674566
1676365
1678199
1679767
1681544
1683145
1684942
1686608
1687975
1689612
1691527
1692998
1694621
1696859
1698276
1699907
1701538
1703268
1705126
1706781
1708235
1709952
1711786
1713624
1715107
1716944
1718442
1720265
1722080
1723541
1725189
1727031
1728528
1729921
1731967
1733458
1735455
1737025
1738808
1740435
1742390
1743877
1745555
1747331
1749066
1750690
1752470
1754001
1755900
1757153
1759009
1760704
1762358
1763988
1765676
1767581
1769315
1771182
1772788
1773978
1776109
1778127
1779661
1780938
1782834
1784413
1785985
1788095
1789631
1791729
1793154
1794547
1796444
1798225
1799982
1801191
1803311
1804975
1806500
1808140
1809983
1811544
1813308
1814942
1816603
1818279
1819838
1822068
1823636
1824818
1826770
1828505
1830151
1831953
1833675
1835513
1836944
1838587
1840511
1842111
1844033
1845519
1847148
1848990
1850554
1852474
1853697
1855540
1857393
1859014
1860808
1862554
1864521
1866242
1867903
1869537
1871041
1872763
1874520
1876257
1877633
1880022
1881157
1883007
1884477
1886213
1887845
1889516
1891355
1892794
1894359
1896214
1898002
1899872
1901680
1903093
1904622
1906527
1908131
1910025
1911700
1913515
1915258
1916651
1918348
1920049
1921995
1923742
1925321
1926865
1928591
1930259
1932112
1933380
1935651
1937009
1938860
1940334
1942242
1944192
1945322
1947151
1949343
1950801
1952415
1953982
1955595
1957567
1959058
1960699
1962844
1964383
1966150
1967762
1969356
1971365
1972760
1974851
1976322
1978490
1980001
1981449
1983092
1985075
1986759
1988540
1990027
1991843
1993561
1995408
1996899
1998390
2000122
2001900
2003567
2004966
2006775
2008815
2010533
2011914
2013390
2015311
2017038
2018868
2020391
2022053
2023705
2025512
2027059
2028770
2030193
2032512
2034135
2035576
2037559
2038818
2040748
2042599
2043911
2045703
2047332
2049341
2051017
2052724
2054766
2056173
2057818
2059442
2061283
2063143
2064655
2066532
2068308
2069863
2071652
2073442
2075442
2077206
2078833
2080517
2082261
2084184
2085772
2087544
2089179
2091013
2092642
2094400
2095943
2097747
2099245
2101139
2103114
2104459
2106439
2108030
2109659
2111696
2113440
2115107
2116897
2118738
2120571
2122601
2124120
2125995
2127409
2129277
2130989
2132414
2134315
2136002
2137817
2139097
2140876
2142844
2144594
2146143
2148060
2149694
2151574
2153248
2155018
2156642
2158335
2160173
2161912
2163767
2165620
2167332
2168961
2170889
2172662
2174298
2175887
2177389
2179485
2180804
2182876
2184653
2186046
2187883
2189900
2191914
2193095
2195217
2196909
2198549
2200619
2202589
2204086
2205673
2207624
2209528
2211069
2212849
2214551
2216370
2217870
2219739
2220930
2223499
2224868
2226491
2228200
2230142
2231548
2233331
2235239
2237324
2238676
2240539
2242486
2244039
2245887
2247738
2249349
2251009
2252918
2254599
2256102
2258136
2259738
2261589
2262896
2264872
2266698
2268486
2270343
2271898
2273508
2275467
2277017
2278883
2280736
2282423
2284329
2286198
2287909
2289539
2291505
2293119
2294892
2296134
2298490
2300320
2301918
2303149
2304921
2306694
2308318
2310191
2311626
2313442
2315193
2317173
2318446
2320519
2322379
2323704
2325877
2327543
2329463
2331344
2333153
2334415
2336880
2338119
2339855
2341717
2343399
2345336
2346937
2348740
2350690
2352235
2354050
2355824
2357298
2358928
2361054
2362577
2364407
2366131
2367926
2369568
2371353
2373218
2375119
2376557
2378695
2380303
2382094
2384166
2385313
2387320
2388826
2390573
2392443
2394177
2396160
2397797
2399049
2401346
2403254
2404496
2406024
2407698
2409193
2411230
2413061
2414757
2416682
2418119
2420283
2421752
2423522
2425216
2427212
2428795
2430698
2432526
2433965
2436011
2437785
2439770
2441347
2442892
2444530
2446370
2448481
2450278
2451431
2453806
2455345
2457259
2458769
2460432
2462045
2464236
2465794
2467428
2469299
2471131
2472729
2474619
2476442
2478031
2479739
2481462
2483298
2484893
2487150
2488445
2490095
2491722
2493353
2495036
2496818
2498973
2500567
2502064
2503931
2505667
2507296
2509430
2511497
2512942
2514795
2516234
2518556
2519993
2521773
2523884
2525542
2526834
2528429
2530357
2531948
2533755
2535285
2537202
2538687
2541220
2542483
2544138
2546139
2547902
2549551
2551705
2553171
2554761
2556514
2558286
2559966
2561744
2563885
2565437
2567126
2568658
2570622
2572441
2574332
2576063
2577512
2579538
2581207
2582782
2584577
2586403
2587871
2589760
2591623
2593246
2594688
2596819
2598301
2600102
2601815
2603582
2605375
2607273
2608951
2610566
2612056
2614277
2615787
2617560
2619877
2621367
2623171
2624748
2626850
2628288
2630218
2631935
2633820
2635511
2637425
2639212
2640671
2641945
2644072
2645705
2647213
2649430
2651183
2652810
2654445
2656286
2657817
2659727
2662101
2663469
2665538
2667284
2668918
2670799
2672810
2673997
2675804
2677588
2679308
2681252
2682591
2684348
2686335
2688091
2690130
2691383
2693268
2695673
2697176
2698739
2700466
2702322
2703733
2706036
2707906
2709589
2711618
2712920
2714883
2716833
2718466
2719775
2721800
2723543
2725167
2727538
2728663
2730486
2731909
2734037
2735593
2737482
2739523
2740895
2742640
2744596
2746218
2748331
2749735
2751508
2753489
2755226
2756841
2758591
2760228
2761866
2763993
2765611
2767502
2769088
2771230
2772736
2774564
2776396
2777994
2779601
2781176
2783091
2785090
2786776
2788158
2790228
2791917
2793780
2795452
2797254
2798827
2800905
2802828
2804393
2806174
2807526
2809855
2811481
2813151
2815375
2816500
2818389
2820309
2822052
2823962
2826074
2827271
2828894
2830930
2832929
2834390
2836376
2837814
2840010
2841700
2843265
2845186
2846859
2848768
2850676
2852203
2853916
2855442
2857228
2859096
2861044
2863042
2864069
2866517
2867941
2869721
2871344
2873187
2874978
2876460
2878121
2879616
2881800
2883388
2885293
2887411
2889036
2890617
2892377
2893859
2896430
2897571
2899767
2901750
2903138
2904673
2906416
2908323
2910013
2912197
2913590
2915725
2917531
2919320
2921159
2922750
2924793
2926105
2927971
2929740
2931402
2933173
2934575
2936760
2938452
2940172
2942229
2943740
2945025
2947115
2948687
2951019
2952411
2954005
2955770
2957760
2959337
2961498
2963053
2964419
2966332
2968465
2970302
2971745
2973549
2975392
2977439
2979064
2980498
2982690
2983926
2985733
2987410
2989469
2990996
2992901
2994750
2996180
2998069
3000222
3001995
3003802
3004986
3007169
3009005
3010684
3012555
3014555
3015834
3018014
3019586
3021387
3022801
3025069
3026904
3028332
3030074
3032392
3033378
3035410
3037271
3038790
3040352
3042559
3043767
3045716
3048087
3049481
3051326
3053503
3054773
3056707
3058693
3060566
3062228
3063322
3065083
3066849
3068660
3070178
3072276
3073597
3075823
3077646
3079236
3081364
3082840
3085254
3086491
3088423
3090568
3091981
3093905
3095932
3098050
3098927
3100805
3102245
3104280
3105803
3107528
3109684
3111432
3112814
3114596
3116908
3118120
3120444
3122206
3123371
3125558
3127590
3129209
3130743
3132292
3134589
3136103
3138249
3139050
3140958
3142998
3144575
3146341
3148647
3150060
3151720
3153438
3154817
3157053
3158613
3160700
3162535
3164129
3165666
3167621
3169534
3171234
3172876
3174455
3176354
3178122
3179984
3181449
3183316
3185276
3187333
3188810
3190503
3192434
3194352
3195786
3197575
3199253
3201402
3203301
3205037
3206661
3208551
3210531
3211606
3213874
3215511
3217567
3219067
3221205
3223035
3224563
3226740
3227991
3230015
3231836
3233302
3235081
3237092
3238580
3240296
3242263
3244103
3245559
3247441
3249411
3250901
3253187
3254966
3256600
3258273
3260159
3261715
3263690
3265656
3267302
3269239
3271065
3273086
3274367
3276597
3277884
3279867
3281850
3283460
3285076
3286979
3288691
3290666
3292358
3293779
3295694
3297499
3299323
3301098
3302620
3304629
3306792
3308758
3310216
3312038
3313650
3315787
3317208
3319336
3320819
3322902
3324639
3326360
3328033
3329567
3331785
3333794
3335157
3336715
3338716
3340969
3342804
3344037
3346199
3347568
3349400
3351162
3352717
3354772
3356676
3358316
3360367
3361825
3363859
3365616
3367390
3369293
3370671
3372433
3374391
3376254
3378186
3380000
3381369
3383675
3385373
3387229
3388715
3390780
3392460
3394048
3395803
3397933
3399580
3401408
3402962
3405034
3406589
3408578
3410061
3411874
3414325
3415980
3417707
3419136
3421210
3422816
3424636
3426321
3427996
3430053
3431735
3433789
3435388
3436850
3438928
3440695
3442565
3444058
3446323
3448156
3449703
3451328
3453555
3455352
3456676
3458633
3460019
3461724
3463623
3465571
3467376
3468847
3470971
3472481
3474442
3476245
3478130
3479679
3481480
3483165
3484656
3486979
3488323
3490673
3491864
3493912
3495925
3497213
3499113
3501191
3503410
3505224
3506484
3508592
3510081
3512268
3514242
3515558
3517047
3518991
3520686
3522591
3524521
3526423
3528524
3530091
3532438
3533809
3535603
3537551
3539391
3540831
3542555
3544051
3545798
3548189
3549560
3551374
3553180
3554806
3556965
3558510
3560556
3562176
3563900
3566143
3568023
3569507
3571671
3572906
3574951
3576940
3578619
3580262
3582301
3584056
3585380
3587126
3589214
3590812
3592702
3594502
3596110
3598061
3599784
3601617
3603289
3604982
3606860
3608688
3610409
3612262
3613827
3615763
3617572
3619579
3620866
3622740
3624388
3626693
3628254
3630017
3632291
3633442
3635320
3637247
3638897
3640998
3642356
3644498
3645679
3647919
3649500
3651226
3652695
3654703
3656387
3657907
3660447
3662068
3663367
3666360
3667593
3669733
3671482
3672953
3675126
3676779
3678587
3680472
3682533
3684090
3686033
3687561
3689490
3690877
3692655
3694691
3696632
3698200
3700337
3701955
3703429
3705678
3707083
3709032
3710765
3712346
3714077
3715938
3717607
3719347
3721261
3722906
3724653
3726959
3727954
3730390
3732034
3733848
3735693
3737513
3739411
3741014
3742661
3745022
3746930
3748617
3749962
3751876
3753667
3755014
3757350
3759421
3761222
3762850
3764357
3766626
3768130
3769424
3771909
3773309
3775130
3776567
3779081
3780973
3782018
3784196
3785633
3787306
3789492
3790908
3792420
3794988
3796291
3798197
3800193
3801862
3803471
3805416
3807414
3808972
3810865
3812538
3814458
3816579
3818442
3820317
3822051
3823923
3825956
3827536
3828721
3830620
3832895
3834562
3836391
3838134
3839871
3841561
3843378
3845291
3846911
3848569
3850181
3851956
3853823
3855701
3857679
3859335
3861341
3863056
3864821
3866633
3868801
3870830
3871724
3874044
3875411
3877293
3878856
3881253
3882620
3884542
3886454
3888035
3889988
3892166
3893848
3895126
3896785
3899210
3900466
3902551
3904531
3906310
3907949
3909429
3910952
3912984
3914940
3916884
3918571
3920156
3922803
3924394
3926461
3928069
3930113
3931657
3933203
3935271
3936656
3938589
3940357
3942094
3943854
3945652
3947471
3948945
3950634
3952887
3954097
3956159
3957732
3959737
3961797
3963704
3965177
3967150
3969098
3970617
3973090
3974416
3976343
3978555
3979791
3981891
3983728
3985379
3987127
3988500
3990877
3992564
3994443
3996568
3998169
3999524
4001399
4002967
4004950
4006554
4008479
4010178
4011982
4013781
4015643
4016924
4019027
4020765
4022785
4024395
4026739
4028246
4030435
4032050
4033566
4035478
4037269
4039320
4040857
4042869
4044540
4046196
4047719
4049955
4051922
4053288
4055283
4057092
4058921
4060814
4062541
4064855
4065964
4068181
4069779
4071565
4073020
4075015
4076703
4078701
4080509
4081644
4083881
4085847
4087155
4089097
4091020
4093262
4094678
4096679
4098318
4100095
4101780
4103587
4104848
4106665
4109264
4111023
4112777
4114403
4116498
4118300
4120285
4121602
4123510
4125617
4127365
4128788
4130269
4132478
4134164
4136164
4137813
4139681
4141964
4143511
4145333
4147192
4148448
4150686
4152009
4154062
4155688
4157822
4159820
4161583
4163327
4164805
4167028
4168435
4170913
4172399
4174146
4175489
4178027
4179735
4181408
4183560
4184809
4186957
4188835
4190045
4192038
4193851
4195957
4197594
4199163
4200840
4202634
4204528
4206151
4208489
4210150
4212068
4213230
4215303
4216999
4219081
4220757
4222810
4224528
4226509
4227882
4229987
4231949
4232951
4234837
4236258
4238576
4240039
4242454
4244007
4246030
4248038
4249875
4251393
4253448
4255003
4256950
4258715
4260285
4262158
4263936
4265646
4267207
4269306
4270902
4273253
4274905
4276971
4278813
4280361
4282171
4284628
4285110
4286951
4289283
4290709
4292237
4293860
4295870
4297892
4299671
4301589
4303419
4304728
4307162
4308546
4310882
4312606
4314240
4316079
4318474
4320234
4321494
4323270
4325241
4327363
4328971
4330344
4331700
4333816
4335440
4337556
4339231
4340879
4343151
4344836
4346729
4348614
4350381
4352374
4354274
4355839
4357805
4359565
4361270
4363375
4364379
4366622
4368117
4369777
4371911
4373635
4375759
4377157
4379027
4380737
4382865
4384698
4386241
4388247
4389913
4392113
4394084
4395431
4396864
4398867
4400995
4402540
4404227
4407213
4408819
4410149
4412152
4414055
4415943
4417656
4419326
4421200
4423152
4424784
4426798
4428878
4430749
4432296
4434391
4435945
4438166
4439822
4441506
4443820
4445509
4447518
4449116
4450319
4452626
4454562
4456827
4458380
4459842
4461923
4462908
4465438
4467119
4468762
4470132
4472823
4474730
4475871
4478068
4479864
4482046
4483611
4485285
4487450
4489211
4490766
4493181
4494837
4496715
4498614
4500364
4501892
4503742
4505344
4506976
4508915
4510940
4513267
4514896
4516856
4518628
4520242
4522260
4524176
4525847
4527536
4529563
4531494
4533862
4535873
4537847
4539460
4540569
4542631
4544128
4546349
4547787
4550182
4552259
4554266
4556016
4557525
4559540
4561503
4562694
4565001
4566159
4567794
4570162
4572418
4573819
4576015
4577958
4579900
4581751
4583206
4584907
4587107
4588852
4591029
4591940
4594364
4596017
4597922
4599789
4601187
4604021
4605469
4607429
4609281
4611361
4612951
4614561
4616697
4618299
4620004
4621607
4623295
4624959
4626816
4628901
4630525
4633258
4635308
4637003
4638975
4640952
4642440
4644206
4646437
4648006
4649779
4651385
4653167
4655238
4656662
4658914
4660743
4662834
4664165
4665778
4667816
4669714
4671000
4673433
4675679
4676998
4679237
4680709
4682515
4684547
4686269
4688308
4690100
4692097
4693416
4695530
4697517
4699398
4701340
4703014
4704742
4706325
4708492
4710103
4712157
4714915
4715964
4717841
4719622
4721584
4722949
4725149
4726964
4728690
4730808
4732238
4734534
4736190
4738113
4740007
4741766
4743743
4745658
4747161
4749115
4751092
4752735
4754509
4756197
4758445
4760170
4761927
4763443
4765159
4767237
4769310
4770818
4773095
4774703
4776553
4778685
4780083
4782073
4784223
4786207
4787791
4789732
4791570
4793180
4795172
4796733
4798465
4800718
4802351
4803806
4805866
4807642
4810039
4811615
4813302
4815158
4817090
4818912
4820931
4822607
4824102
4826097
4828157
4830490
4832076
4833389
4835600
4837585
4839508
4841179
4843288
4845263
4847108
4849092
4850306
4852602
4854149
4856384
4857717
4859638
4861227
4863047
4864633
4866840
4869445
4870244
4872957
4874438
4875762
4877649
4879761
4881670
4883464
4884856
4887360
4889601
4890878
4892537
4894794
4896326
4898367
4900089
4902138
4904394
4906024
4907480
4909472
4911522
4913221
4914906
4916803
4918686
4920873
4921762
4923581
4925931
4927700
4929722
4931594
4933046
4934927
4937154
4938697
4940726
4942932
4944283
4946463
4948468
4949643
4952430
4953329
4954820
4956906
4958227
4960321
4962714
4964786
4966810
4968584
4970379
4972467
4973708
4975526
4977543
4979198
4981241
4983181
4984684
4986226
4988007
4989967
4991777
4994439
4996111
4998298
4999684
5001845
5003688
5005114
5007076
5009149
5010807
5012726
5014654
5016527
5018215
5019722
5021911
5023172
5025176
5026648
5028912
5030741
5032871
5034781
5035999
5038026
5040137
5041995
5044108
5045717
5047986
5049860
5051734
5053411
5055360
5056864
5058704
5060305
5062098
5064064
5066209
5068252
5070061
5071498
5073471
5075458
5077806
5079144
5081326
5083039
5084765
5086935
5089072
5090462
5092409
5093914
5096018
5097764
5099109
5100902
5102878
5104421
5106359
5108415
5110280
5112163
5114086
5115861
5117937
5119062
5121302
5123543
5125073
5127171
5129082
5130622
5132555
5134476
5136552
5138054
5139364
5141997
5143150
5145469
5147237
5149303
5151715
5153108
5154957
5156719
5158791
5160430
5162664
5164943
5166158
5167832
5169137
5171165
5172957
5174674
5176689
5178609
5180046
5182596
5184309
5186120
5187994
5189803
5191710
5194026
5195104
5197196
5198813
5201201
5202629
5204964
5206409
5208552
5209963
5212409
5213453
5215906
5217706
5220000
5221313
5222565
5224824
5226232
5228199
5230355
5232311
5234657
5236447
5238500
5239614
5241927
5243749
5245643
5247555
5249505
5251275
5253056
5255522
5256979
5258584
5260746
5262129
5263733
5265472
5267761
5269113
5271308
5273482
5275122
5276481
5278027
5280627
5282384
5284079
5285195
5287750
5288926
5290953
5293087
5295342
5296312
5298978
5300842
5302257
5304454
5306683
5308907
5310893
5312674
5314033
5315774
5316974
5319024
5320979
5323312
5324847
5326646
5328843
5330537
5332257
5334242
5335990
5337785
5339876
5341410
5343094
5344903
5347041
5348805
5350961
5352344
5353800
5356112
5358190
5359596
5361710
5363309
5365400
5367277
5368979
5370760
5372178
5373935
5375715
5378758
5380301
5382404
5383802
5385999
5387793
5390027
5391695
5393193
5395473
5397131
5398725
5400526
5402251
5404342
5406006
5408527
5410051
5411740
5414072
5415589
5417271
5419437
5420809
5423018
5424944
5426401
5428478
5430368
5431839
5433290
5435970
5437811
5439578
5441286
5443453
5444606
5447348
5449172
5450389
5452173
5453753
5455449
5457570
5459617
5461851
5463351
5465205
5467335
5469851
5471496
5473188
5475308
5476697
5478054
5479695
5482005
5483738
5486048
5487808
5489555
5491008
5493606
5494990
5497088
5498436
5500847
5502233
5503782
5506239
5507751
5509649
5511451
5513785
5515952
5517422
5519351
5521364
5522581
5525005
5526894
5527964
5530496
5531637
5533480
5535649
5537448
5539512
5541242
5543398
5544936
5547544
5548848
5550812
5552706
5554006
5555818
5558039
5560052
5561754
5563420
5565778
5567478
5569338
5571408
5573359
5574917
5576429
5578136
5580104
5582305
5583999
5585900
5587744
5589409
5591183
5593290
5595230
5597536
5599119
5600821
5602595
5604117
5605760
5607995
5609346
5611854
5613477
5615463
5617430
5619704
5620712
5622816
5623992
5626364
5628106
5629675
5631613
5634151
5636277
5637909
5640141
5641291
5643770
5644482
5646751
5648745
5651061
5652697
5655168
5656555
5658732
5660392
5662138
5663921
5665935
5667650
5669353
5670557
5673056
5674765
5676756
5677945
5680236
5682254
5685121
5686412
5688536
5690305
5691539
5693430
5695201
5697365
5698698
5701366
5703251
5705359
5706757
5708756
5710287
5712158
5713603
5716000
5717237
5719470
5721584
5723285
5725220
5726850
5728770
5730534
5732699
5734958
5735855
5737651
5740340
5741650
5743877
5745393
5747416
5749902
5751581
5753275
5755352
5756720
5758730
5760654
5762849
5764901
5766335
5768037
5769908
5771407
5773466
5774946
5776819
5779286
5781140
5782981
5784727
5786393
5788731
5790382
5792899
5794339
5795906
5797985
5799734
5801784
5802732
5805134
5806989
5809081
5810313
5812990
5814026
5816059
5818099
5819845
5821576
5824394
5825655
5827072
5829653
5831361
5832747
5835227
5836658
5838578
5840687
5842797
5844550
5846381
5848239
5849976
5851940
5854089
5855986
5857463
5859114
5860602
5862549
5864540
5865934
5867931
5870077
5872443
5873965
5875810
5877649
5879275
5881431
5883032
5884860
5886998
5889631
5890574
5892637
5894717
5896658
5897415
5899463
5900975
5902586
5904750
5907497
5909716
5911134
5912835
5914705
5916371
5918307
5920331
5921812
5923511
5925808
5927657
5929252
5931298
5933319
5935312
5937439
5939526
5940623
5942936
5944257
5946814
5948352
5950547
5951562
5953826
5955768
5957491
5959495
5961370
5963583
5964851
5966810
5968292
5970634
5972845
5974315
5975988
5978383
5979804
5982071
5983668
5984943
5987398
5989324
5991469
5993145
5994988
5996875
5998947
6000385
6003136
6004969
6006451
6008550
6010614
6011499
6012727
6014971
6016524
6019231
6020854
6022872
6025016
6026887
6028336
6030323
6032562
6034360
6035765
6037956
6039939
6041358
6043706
6045528
6047189
6049261
6051145
6053185
6054295
6056583
6058151
6060315
6061625
6063750
6065701
6067946
6069540
6070702
6072788
6074846
6076475
6078498
6080751
6082739
6084266
6086618
6087587
6090088
6091694
6093454
6095428
6097664
6099361
6100430
6103233
6104925
6106941
6109050
6110720
6112345
6114159
6115885
6118027
6120246
6121779
6123182
6125134
6127912
6129680
6131308
6133112
6135262
6136637
6138124
6140449
6142378
6144534
6145963
6147637
6149463
6151065
6153310
6155281
6156690
6159001
6160786
6162165
6164400
6166270
6168120
6169928
6172670
6173010
6175388
6177440
6178925
6180398
6182816
6185390
6187272
6188055
6190427
6192266
6194184
6195957
6197695
6200275
6201482
6203362
6205091
6207251
6208932
6210803
6212728
6215217
6217214
6218367
6221205
6221890
6223968
6225893
6227634
6229220
6231820
6233322
6235252
6236967
6239209
6240968
6242277
6244846
6246427
6248417
6249863
6251748
6253685
6255812
6257312
6259116
6260954
6262454
6265150
6267299
6268496
6270495
6273102
6273752
6275397
6277862
6279956
6281442
6283899
6286172
6287612
6289999
6291216
6292946
6295028
6296228
6298781
6301004
6302638
6304893
6306029
6308913
6310023
6311926
6314063
6315536
6317695
6319582
6321630
6322828
6325097
6326451
6328175
6330694
6332356
6334113
6335973
6338061
6339406
6341582
6342970
6345065
6347316
6348745
6350744
6352247
6354297
6355571
6358313
6359692
6362461
6363573
6365683
6367786
6369328
6370781
6373200
6374627
6376392
6378736
6381077
6382363
6384649
6386747
6388523
6390099
6392146
6393603
6395425
6397184
6398996
6400850
6402692
6405060
6407010
6408737
6410490
6412276
6414173
6416317
6417893
6419553
6422624
6424015
6425553
6427293
6429633
6431770
6433468
6434370
6437114
6438386
6440117
6442213
6444131
6445617
6447699
6449396
6451596
6453071
6455410
6457080
6459328
6460632
6462463
6465012
6465883
6468205
6470085
6472253
6473867
6475438
6476644
6478747
6481387
6483204
6484861
6486911
6488755
6490694
6491810
6493582
6496231
6498283
6499802
6502058
6503418
6505847
6507737
6508967
6511121
6513272
6515569
6517050
6518447
6520769
6522238
6524002
6525860
6527857
6529353
6532260
6533846
6536034
6537203
6539571
6541503
6543942
6545317
6546711
6549239
6549802
6551492
6554077
6556682
6557499
6559434
6561543
6563029
6564892
6567593
6569263
6571012
6572098
6574478
6576005
6578634
6580458
6581630
6583834
6586034
6587391
6589604
6591272
6593325
6594928
6596866
6598907
6600720
6602560
6604362
6605788
6607914
6610114
6612241
6613619
6616256
6617798
6619425
6621198
6623081
6625277
6626999
6628467
6630730
6632813
6634630
6636391
6638508
6640197
6641641
6643650
6645808
6647276
6649644
6651192
6653092
6655194
6656419
6658597
6660090
6662160
6663701
6666083
6667839
6669799
6671425
6673778
6675087
6677116
6679247
6680911
6682391
6684255
6685639
6688193
6689984
6691932
6693658
6695608
6697557
6699625
6701637
6702905
6705732
6707186
6709253
6711057
6713573
6715317
6717411
6718552
6720595
6722234
6724253
6725844
6727627
6729266
6730918
6732950
6735157
6736078
6738660
6740637
6742817
6744471
6746158
6748395
6749789
6751984
6754371
6755677
6758214
6759969
6761775
6763810
6764849
6767025
6768574
6770259
6772459
6774244
6776107
6778225
6779915
6781877
6783457
6784709
6787247
6789625
6791588
6793362
6794674
6796912
6798963
6801180
6802708
6804146
6806183
6808557
6810224
6811488
6813090
6815239
6817141
6818866
6821227
6822867
6824393
6827056
6828416
6830679
6832085
6834845
6837359
6837551
6839593
6841440
6843218
6845268
6847371
6848512
6850755
6853328
6854975
6856951
6858795
6860867
6862565
6864192
6866540
6867830
6870038
6871978
6874161
6875803
6877424
6879828
6881758
6883747
6885015
6886881
6888990
6891048
6892701
6895376
6896704
6898421
6900356
6901523
6904177
6905586
6908283
6910164
6912110
6913375
6915248
6917033
6918838
6920645
6922573
6924101
6926010
6928698
6930006
6932066
6934348
6935230
6937734
6939691
6941593
6943557
6945823
6947789
6949559
6950551
6953521
6955120
6957115
6959156
6961446
6962623
6964112
6965680
6967743
6968994
6971306
6974055
6976100
6977451
6978959
6981063
6983370
6984978
6987113
6988049
6990249
6992025
6993730
6996407
6998662
6999425
7002303
7003782
7006115
7007949
7009539
7011237
7013939
7015233
7017964
7019612
7020736
7022237
7023911
7026136
7029048
7030039
7032217
7034053
7035920
7037718
7039487
7041348
7043916
7045072
7047625
7049341
7050872
7052195
7054567
7056676
7059121
7060566
7062387
7064726
7066634
7068911
7069966
7071960
7073817
7075542
7077869
7079379
7081307
7083522
7084926
7087410
7088930
7090560
7092890
7094192
7096542
7098227
7099998
7102203
7103808
7105373
7107420
7109214
7111805
7113999
7115784
7117550
7119111
7120432
7122443
7124501
7126594
7128439
7130822
7133097
7133884
7135613
7137515
7139628
7141397
7143003
7145190
7147327
7148639
7150446
7152429
7154255
7156897
7158141
7160104
7161920
7164080
7165705
7167380
7169279
7171289
7172972
7175076
7177338
7178941
7180854
7182398
7185196
7186794
7188845
7190713
7192170
7195362
7196502
7198478
7200195
7201941
7203707
7205261
7207578
7209249
7210886
7213438
7214775
7217662
7219003
7220839
7222723
7224950
7226568
7227922
7230305
7231622
7233522
7235491
7237131
7239300
7241228
7243228
7244909
7247006
7249604
7251314
7252923
7254872
7256548
7258486
7260125
7262393
7264711
7265383
7267563
7270331
7271595
7273689
7275217
7277456
7279631
7281542
7283164
7283886
7287376
7288571
7290984
7291404
7293702
7295987
7297611
7299653
7302560
7304128
7305519
7307671
7309520
7311633
7313076
7315089
7317230
7318300
7320468
7322224
7324149
7326151
7328246
7329504
7332209
7333931
7335419
7337747
7339697
7341195
7343137
7345183
7347640
7349194
7351449
7353249
7355200
7356779
7358901
7360520
7362424
7364595
7366167
7367775
7369465
7371380
7372801
7375808
7377253
7378695
7380977
7382916
7385137
7387423
7388618
7390919
7392533
7394590
7396343
7398177
7399797
7401958
7404245
7405482
7407896
7408880
7411513
7413642
7415165
7417180
7419475
7421000
7422526
7424220
7426151
7428282
7429921
7431856
7433775
7435983
7437843
7439724
7441963
7443399
7445218
7446882
7448945
7450980
7452608
7454385
7456826
7458234
7460548
7462419
7464487
7465728
7467626
7469573
7471730
7472997
7474854
7477499
7479074
7481581
7483008
7485090
7486542
7488476
7490127
7492236
7494222
7496436
7497943
7500588
7502240
7503974
7505821
7508562
7509804
7511212
7513283
7515044
7517103
7518702
7520882
7523054
7523708
7526026
7527484
7529594
7532064
7534039
7535907
7537574
7539744
7541457
7543162
7544504
7547165
7548573
7550599
7552456
7554630
7556650
7558176
7560557
7562400
7563981
7566337
7567312
7570017
7572001
7573266
7574887
7577395
7579718
7581245
7582933
7585325
7587180
7588623
7590497
7592458
7594237
7596339
7598552
7600289
7601986
7603696
7606264
7608509
7609680
7612162
7613311
7615903
7617641
7619458
7620839
7622346
7624674
7626577
7627909
7630521
7631555
7633323
7636137
7638194
7639445
7641635
7644353
7645497
7647189
7649290
7651154
7652625
7654569
7656060
7658435
7659875
7662203
7664043
7666513
7668362
7670345
7672482
7674719
7675686
7677553
7679791
7682336
7683312
7685349
7687017
7689364
7691309
7692755
7694471
7696702
7697690
7700021
7702260
7703685
7706176
7707258
7709587
7711708
7713724
7715223
7717931
7718788
7721018
7722771
7725016
7726700
7728595
7730658
7731808
7734702
7736384
7738369
7740608
7741547
7743028
7745255
7747092
7748852
7750783
7753128
7754485
7756867
7758820
7759807
7762745
7764506
7765627
7767949
7770473
7773037
7774464
7776380
7777766
7779514
7780599
7783366
7785210
7787759
7789260
7790779
7792703
7794371
7796504
7798316
7799978
7802232
7803816
7806532
7808007
7810211
7812069
7813439
7815280
7816990
7819003
7821653
7822509
7825024
7826614
7828307
7830675
7832053
7834907
7836546
7839109
7839739
7841822
7843958
7845353
7847123
7848419
7850434
7852383
7854662
7856654
7858671
7860750
7862883
7864606
7866578
7868213
7870671
7872174
7873934
7876322
7877936
7879378
7881380
7882825
7885122
7887479
7888664
7891334
7893127
7895360
7896610
7899152
7900962
7902709
7903535
7905634
7908620
7909792
7912023
7914064
7914977
7917825
7919700
7921747
7923420
7925300
7927130
7928897
7931052
7932751
7934166
7936364
7937467
7940353
7941898
7944125
7945735
7947289
7950363
7952293
7953152
7955395
7956845
7958823
7960854
7962372
7964747
7966779
7968538
7970640
7972755
7973785
7976302
7977687
7979400
7982219
7984301
7986042
7988064
7989626
7991508
7993257
7995151
7997677
7999425
8001556
8003068
8004988
8006769
8009409
8010172
8012217
8013906
8015426
8017811
8019752
8021897
8023517
8025799
8027197
8028822
8030351
8032327
8035089
8036764
8038457
8040639
8041818
8043907
8045429
8047679
8049567
8051725
8053670
8055601
8057051
8059487
8060955
8063531
8065294
8067282
8068673
8070806
8072284
8074074
8076729
8078448
8079924
8081805
8083709
8085459
8087393
8089720
8091618
8093163
8095478
8097195
8099825
8100971
8102812
8104595
8106797
8108365
8110193
8112580
8114506
8115563
8117597
8120101
8121808
8122983
8126147
8127537
8129629
8131519
8133029
8135289
8137035
8139133
8140307
8142346
8144769
8146720
8148173
8150884
8152620
8154198
8156818
8157033
8159169
8161110
8162748
8165934
8167733
8169646
8170533
8172690
8174319
8176196
8179004
8180968
8182332
8184738
8186646
8188445
8190102
8192268
8194261
8196092
8197964
8198310
8201005
8202791
8204173
8207514
8209834
8210370
8212226
8214454
8215955
8218141
8219876
8222306
8224208
8226550
8228576
8230575
8231846
8233707
8235411
8237543
8238924
8240894
8243345
8245044
8247385
8248813
8250309
8252356
8255230
8257154
8258403
8260349
8261890
8264073
8265925
8268106
8270041
8271578
8273762
8276112
8277609
8279371
8281150
8282881
8284651
8287062
8288919
8290987
8292862
8294851
8296528
8298110
8300360
8301958
8304050
8305638
8307964
8309562
8311432
8313160
8315611
8317444
8319288
8320595
8322839
8324426
8326110
8327700
8329334
8331786
8334224
8336035
8338218
8339932
8342360
8343816
8346061
8347353
8349353
8351593
8353298
8354534
8357020
8358949
8360616
8361780
8364024
8366453
8368928
8370492
8372211
8373790
8376213
8378312
8379775
8381543
8383107
8385226
8386960
8389027
8391138
8392791
8394557
8396808
8398365
8400215
8402408
8404474
8406527
8408428
8410859
8411909
8413508
8415580
8417359
8418738
8421574
8422857
8424688
8427335
8429047
8431422
8433034
8435240
8435989
8438602
8440385
8442588
8444083
8445574
8448201
8450028
8452250
8453089
8456026
8457135
8460324
8461478
8463974
8465115
8467002
8468787
8470375
8472647
8473530
8476000
8478540
8480349
8482181
8484010
8486665
8488059
8489738
8492045
8494125
8495678
8496989
8498678
8501243
8502751
8504603
8506544
8508065
8510995
8512900
8514009
8515770
8518590
8520166
8521989
8523571
8526160
8528161
8530289
8532134
8533600
8534996
8537669
8539452
8540776
8543398
8544811
8547360
8549106
8550673
8553219
8554393
8556281
8557543
8559775
8561410
8563762
8565520
8567626
8568869
8571813
8573579
8575263
8576983
8579956
8581169
8583020
8584869
8587134
8587855
8590045
8592675
8594162
8596098
8598355
8599847
8601743
8603726
8606165
8607672
8609405
8610103
8612800
8614068
8616517
8618561
8621265
8622794
8623977
8626115
8627986
8629663
8631828
8634248
8635864
8638209
8640259
8642156
8643268
8645627
8647143
8648396
8651251
8653077
8654164
8656399
8659102
8660712
8662516
8664207
8665826
8668367
8669562
8671473
8673661
8675860
8677046
8679633
8680842
8683121
8685272
8687594
8689230
8690674
8692829
8694427
8696854
8698090
8699619
8702178
8703332
8705384
8707576
8709439
8711816
8713860
8715613
8717476
8719959
8721103
8723194
8724548
8726866
8728858
8731238
8733264
8734482
8735815
8737631
8740403
8742506
8744189
8745630
8747908
8749782
8751335
8752928
8755049
8757206
8759632
8760503
8763017
8765052
8766939
8768997
8770942
8772714
8774885
8776329
8778149
8779825
8782150
8783949
8786061
8787201
8789903
8791518
8793297
8795301
8797700
8799040
8801347
8803285
8804817
8807001
8808883
8810805
8812854
8814177
8816231
8818425
8819708
8821794
8824300
8825783
8826931
8829535
8831329
8833137
8835051
8837142
8839561
8841549
8843666
8844813
8847063
8848529
8851023
8851858
8853409
8855570
8858354
8860055
8861605
8863189
8865518
8867438
8869486
8871443
8873114
8875080
8877338
8878154
8880238
8882452
8885062
8886329
8888226
8890160
8891864
8893556
8895774
8897838
8899610
8901364
8903889
8905189
8907450
8909406
8911145
8913784
8915176
8916946
8918618
8921207
8922773
8924671
8926381
8928930
8930566
8932276
8934248
8935956
8937688
8939573
8941759
8943892
8945341
8947408
8949033
8950885
8953084
8954378
8956537
8958121
8960557
8961984
8964073
8966806
8967888
8969878
8972363
8973845
8975405
8978049
8979974
8981664
8983639
8985182
8986881
8988977
8990819
8992918
8994306
8996246
8998688
9000405
9002987
9004501
9005690
9007828
9009749
9011407
9013594
9015982
9018470
9020142
9021630
9023516
9025593
9026698
9028922
9031259
9033334
9035218
9037284
9039027
9040794
9042557
9044029
9046530
9047285
9049522
9051473
9053969
9055065
9057054
9058830
9061139
9063050
9064858
9067002
9068958
9071007
9073078
9074969
9076618
9079043
9080403
9082019
9084337
9086066
9087762
9089643
9091572
9093709
9095199
9097146
9100025
9101435
9103793
9105400
9107282
9108863
9110500
9111763
9113840
9115664
9117498
9119088
9122042
9124218
9126108
9127891
9129818
9132280
9133791
9135235
9137121
9139136
9140117
9143343
9145102
9146796
9148790
9150364
9152777
9154675
9156804
9158888
9160676
9161522
9163029
9165099
9167627
9169771
9171327
9173353
9175336
9177727
9179055
9180860
9183156
9184756
9186796
9188551
9190153
9192194
9194090
9196044
9198256
9199803
9202009
9204373
9206096
9208239
9209832
9211773
9213326
9215611
9217145
9218871
9220471
9222237
9224425
9226116
9228737
9230245
9232287
9234624
9235922
9238081
9240145
9241975
9243439
9246254
9247555
9250557
9251511
9253460
9255368
9256572
9258675
9260666
9263110
9264519
9266565
9267913
9270213
9272031
9273403
9275428
9277816
9280451
9281730
9283692
9285605
9287462
9289690
9290622
9292507
9293668
9297359
9298662
9301512
9302400
9303891
9305477
9308532
9310224
9311984
9314309
9316007
9317961
9319445
9322233
9324031
9326046
9327631
9329891
9331347
9333917
9335105
9337482
9339787
9340739
9343853
9345665
9347490
9349657
9351411
9352340
9355057
9356994
9359135
9361035
9362600
9365340
9367006
9368951
9371262
9372829
9375109
9376167
9378263
9380556
9382989
9384766
9386626
9388489
9390292
9391814
9394520
9396231
9398317
9399338
9401567
9403227
9405590
9407385
9408850
9411257
9412889
9415086
9416842
9418835
9420808
9423000
9425250
9426830
9429109
9430674
9432360
9434804
9436585
9438516
9440027
9441978
9444429
9446622
9448501
9449820
9452335
9454003
9455804
9458042
9459534
9461858
9463517
9465974
9467442
9469193
9470857
9473336
9475474
9476384
9479662
9481087
9483001
9484560
9486544
9488353
9490670
9493045
9494425
9496987
9498890
9500651
9502280
9504172
9506534
9508152
9509787
9512218
9513742
9515858
9517638
9519758
9521145
9523911
9525152
9527089
9528970
9531766
9532983
9536012
9537576
9539346
9541312
9543195
9545227
9546593
9549477
9551450
9553168
9555660
9557041
9558333
9561232
9562965
9564664
9566563
9568838
9569500
9571735
9573602
9576024
9577930
9579957
9582151
9584090
9585810
9587117
9590094
9591520
9593403
9595201
9598032
9599435
9602321
9603391
9605380
9606792
9608414
9611338
9612891
9614828
9616664
9619100
9620341
9622590
9624963
9626743
9628777
9630675
9632152
9634235
9636530
9638624
9640376
9642526
9644312
9646041
9647459
9649256
9651406
9654220
9656060
9658603
9659943
9661649
9664230
9665343
9667260
9670127
9671517
9673575
9675104
9677470
9680265
9681788
9683757
9684827
9686642
9689348
9690453
9692977
9695118
9697037
9698485
9700560
9702375
9704556
9706450
9708051
9710555
9712081
9714002
9715296
9717305
9718829
9722243
9724025
9726435
9727385
9729573
9731555
9733270
9734765
9736989
9738905
9741738
9743677
9744708
9746493
9748757
9751454
9753820
9754813
9756559
9758610
9760687
9762561
9764386
9766220
9768363
9770029
9771825
9773443
9776066
9777927
9779342
9781529
9784207
9786518
9787894
9789222
9790688
9792776
9795566
9797357
9798616
9800981
9802720
9804707
9807321
9809513
9811470
9812582
9814659
9816894
9818660
9820488
9822604
9824806
9826693
9828536
9829963
9831921
9833932
9836293
9838134
9840899
9841715
9844444
9845919
9847142
9848833
9850716
9854265
9856054
9857379
9859785
9861774
9863944
9865826
9867494
9869243
9871755
9873842
9875632
9877082
9879503
9880824
9882432
9885375
9886909
9889159
9890091
9892861
9894350
9896077
9898103
9900490
9902795
9904237
9906348
9907682
9910020
9911783
9914577
9916265
9918783
9919993
9922323
9923834
9925292
9927339
9929992
9931817
9933665
9935363
9937675
9939984
9941070
9944047
9945702
9947450
9948308
9950714
9952939
9954579
9956211
9959102
9961365
9962883
9964529
9966177
9968557
9970478
9971826
9974519
9976240
9977496
9979429
9981054
9985017
9986154
9988545
9989738
9991553
9993158
9995408
9997243
9999183
10001873
10003387
10005577
10006544
10008332
10010063
10012570
10014570
10015893
10018482
10020260
10022661
10024556
10026789
10028111
10030940
10032412
10034495
10036440
10038285
10040175
10043157
10044249
10045735
10048522
10050363
10052071
10053228
10054853
10057013
10059604
10061876
10062610
10066080
10066868
10068535
10071762
10073553
10075284
10077200
10079349
10081321
10082321
10084814
10086202
10088226
10090523
10092352
10094147
10097327
10098447
10100355
10102475
10104313
10106090
10108447
10110246
10112819
10114165
10116002
10117886
10119858
10121349
10123049
10125227
10127446
10129172
10131604
10133006
10135208
10137198
10139176
10140571
10142825
10144990
10146764
10148815
10150920
10152826
10154973
10156236
10158656
10160514
10162444
10164150
10166175
10168288
10170092
10172562
10174956
10176457
10177441
10179230
10181189
10184234
10185439
10188182
10190253
10191880
10193960
10195968
10197907
10199531
10201338
10203770
10204641
10206998
10208374
10210833
10212571
10214511
10216933
10218671
10220229
10222669
10224451
10226755
10228329
10231140
10232541
10234003
10236401
10236949
10240163
10241875
10243800
10246231
10247539
10249099
10249804
10253012
10255961
10258368
10259631
10261455
10263074
10265303
10267377
10269323
10271429
10273984
10275604
10277428
10279266
10281249
10282871
10285097
10287026
10289153
10290729
10292517
10294552
10296282
10298581
10299571
10302245
10303832
10306664
10308345
10310451
10312209
10314075
10316530
10317385
10319373
10321982
10323308
10325846
10326790
10328680
10331746
10333747
10335409
10337848
10339233
10341802
10343161
10344635
10346706
10349194
10350766
10352772
10354349
10357087
10358074
10360776
10362335
10364060
10366290
10368642
10369649
10372944
10375307
10376650
10378125
10379599
10381610
10384393
10385896
10387615
10389808
10391330
10392652
10394773
10396896
10400239
10401928
10402976
10405220
10407655
10408902
10411675
10413406
10415791
10417426
10419324
10421272
10422304
10426529
10427146
10428223
10429959
10432847
10433886
10435600
10438663
10440993
10442772
10444336
10445929
10447612
10450500
10451990
10453707
10455457
10457217
10458971
10461368
10463633
10465886
10467661
10469678
10471661
10472748
10475063
10476894
10479053
10481017
10483717
10485242
10486634
10488993
10490753
10493256
10494941
10497261
10498679
10500487
10502593
10503873
10506025
10508788
10510895
10512495
10514151
10516125
10517968
10520366
10522260
10523926
10525849
10528026
10529810
10532282
10533578
10535798
10537051
10539139
10541014
10543607
10546438
10547004
10550014
10550808
10552888
10555395
10556603
10558455
10560610
10562290
10564661
10566156
10568993
10570722
10572552
10575328
10576906
10578872
10581032
10582620
10583699
10586230
10588584
10589386
10592017
10593876
10596116
10597755
10599687
10602107
10604069
10606424
10607505
10609862
10610760
10612788
10614770
10618186
10619484
10622444
10623613
10625774
10626976
10628693
10630390
10632704
10634630
10636774
10638045
10640957
10642763
10644783
10645863
10648336
10649855
10652157
10654210
10655956
10657773
10659841
10662405
10663944
10665858
10668007
10669105
10671302
10673384
10675998
10677837
10679746
10681539
10683788
10685407
10687416
10689988
10691265
10693156
10696154
10696492
10698512
10701873
10703440
10705723
10707311
10709243
10711613
10713392
10715299
10716782
10718486
10720346
10722423
10724386
10726570
10728842
10730755
10732497
10734570
10737041
10738845
10740106
10742237
10744055
10745924
10747165
10749369
10750905
10753265
10754866
10757459
10759356
10761165
10763655
10765571
10767675
10769630
10771450
10772726
10774644
10776168
10779479
10781576
10783494
10785231
10787610
10787460
10789871
10792218
10794947
10796325
10798445
10800315
10802058
10804269
10806424
10808486
10809231
10811198
10813834
10815402
10817019
10819625
10822255
10823762
10825938
10827282
10829751
10831668
10833493
10835557
10838494
10839287
10841224
10843518
10845086
10847049
10849416
10850669
10852774
10854520
10857206
10858521
10859572
10861952
10864664
10866541
10868496
10870329
10872897
10874060
10875633
10877836
10879917
10882404
10884489
10886556
10887833
10889998
10892387
10893494
10895387
10897064
10899038
10901938
10904080
10906029
10907522
10909850
10911172
10913734
10914910
10917241
10919636
10920899
10922600
10925455
10927758
10929346
10931051
10932937
10934413
10936404
10938577
10940181
10942305
10944405
10945645
10948455
10950651
10952251
10954681
10956259
10958149
10959830
10961744
10964532
10966016
10968679
10970102
10972570
10973733
10975277
10977548
10979949
10980873
10983523
10985447
10987763
10989799
10990977
10992727
10995344
10997103
10998292
11000865
11002615
11005241
11007182
11008367
11011327
11012189
11014422
11016514
11018710
11020476
11022331
11024691
11026673
11028030
11030047
11031948
11034369
11036608
11038349
11040173
11042327
11044559
11046227
11046949
11050225
11051943
11054560
11057196
11057291
11059910
11061457
11063705
11064606
11067124
11069026
11070683
11072593
11075726
11077119
11079458
11080865
11082541
11083729
11086249
11088019
11090006
11093411
11094422
11096429
11098350
11100992
11102420
11104017
11105454
11107694
11109923
11112274
11113792
11116768
11117222
11119659
11122046
11123836
11125433
11129062
11130276
11131728
11133748
11134687
11137098
11139320
11141296
11143476
11145348
11147066
11149636
11150932
11152628
11155251
11157052
11158549
11161130
11162633
11164441
11166239
11168456
11170432
11172140
11174404
11177289
11178536
11179460
11181918
11183624
11185871
11187199
11190659
11192052
11194280
11195662
11198276
11200290
11201968
11203818
11205679
11208048
11208938
11211028
11213484
11215614
11216953
11219060
11221576
11222361
11224478
11226437
11228330
11230189
11232544
11235133
11235725
11238296
11240874
11243467
11244358
11246335
11248317
11250436
11252026
11254059
11255664
11258450
11260584
11262080
11263915
11266653
11267484
11270213
11272107
11274280
11275709
11277494
11279974
11281624
11283129
11285082
11286877
11289344
11291355
11293510
11295804
11297775
11299562
11301456
11303390
11304997
11307074
11310078
11311557
11313876
11314223
11316074
11318232
11320586
11322887
11324850
11326283
11328377
11329915
11332612
11335104
11336369
11338702
11340482
11342522
11344862
11346920
11348691
11349382
11351539
11353559
11355660
11358285
11359711
11361610
11363161
11365203
11367822
11369118
11371158
11373108
11376126
11377282
11379816
11380595
11383340
11384886
11386987
11389341
11390559
11392237
11394539
11396514
11398706
11400293
11402951
11403942
11405336
11407757
11410399
11413154
11414274
11415893
11417957
11419680
11421602
11424151
11425796
11427877
11429961
11431007
11433539
11435252
11437475
11439540
11441451
11443293
11445815
11446965
11449604
11452060
11453959
11455316
11457135
11459329
11461737
11463562
11465243
11466317
11468141
11471020
11472603
11474929
11476072
11478751
11480156
11482681
11484632
11486599
11487340
11490067
11491720
11494596
11495840
11498575
11500076
11501692
11503630
11505263
11507453
11509855
11512380
11513606
11515090
11517286
11518994
11520612
11522623
11524731
11527429
11529363
11531436
11533376
11534512
11537150
11538369
11540574
11543544
11545255
11547069
11548293
11550411
11552514
11554860
11556764
11559226
11559783
11561927
11564934
11566401
11568512
11569945
11571999
11574161
11575407
11577801
11580720
11581902
11583844
11585819
11587916
11589478
11591857
11593836
11596071
11597981
11599946
11602126
11603924
11605622
11608209
11607543
11610247
11613032
11615319
11617528
11619616
11621308
11622662
11623584
11625846
11629440
11630549
11632386
11633662
11636803
11638144
11640988
11642522
11644258
11646934
11648328
11650582
11652125
11653499
11655943
11657462
11658936
11661703
11662237
11665254
11667725
11669772
11671615
11673296
11675323
11677646
11679504
11682277
11683077
11685167
11686556
11688331
11691009
11692813
11695851
11696973
11698862
11700631
11702799
11704537
11707222
11708497
11710922
11712984
11714714
11715510
11718792
11720310
11722092
11723974
11725984
11728398
11730003
11732243
11733742
11736020
11737938
11739387
11742171
11742845
11745801
11748300
11749904
11752007
11753876
11755198
11757928
11758156
11761496
11762574
11765523
11767283
11769419
11770473
11772734
11775007
11776686
11778604
11780440
11782165
11784174
11786560
11788771
11790865
11791845
11793845
11796288
11798193
11800528
11802104
11804943
11806528
11807516
11810255
11811771
11814058
11816029
11817668
11819390
11821958
11823963
11824826
11827971
11828620
11830749
11833700
11835863
11837798
11839629
11840401
11843403
11845552
11846921
11849075
11850411
11853005
11854630
11857106
11858736
11861495
11862627
11864701
11865989
11867654
11869773
11872659
11874925
11875909
11877286
11879584
11881468
11884111
11886307
11888673
11890290
11892925
11894598
11896856
11897704
11900794
11901538
11902774
11904786
11908101
11909501
11911784
11913135
11915305
11917463
11918966
11921540
11922845
11925366
11927488
11929349
11930952
11933411
11934806
11936932
11939586
11940745
11942966
11944835
11947185
11949025
11950044
11953079
11954727
11957111
11958505
11960615
11962198
11964325
11966240
11968169
11970862
11972263
11974451
11976534
11977635
11979526
11981961
11983391
11985902
11988584
11989961
11991349
11993956
11996701
11998280
11999858
12002361
12004200
12006461
12007665
12009413
12010987
12013432
12015949
12017733
12019045
12021651
12023091
12024234
12027008
12028512
12032007
12033759
12035991
12037661
12039431
12040833
12042621
12044395
12047626
12048851
12050316
12052613
12054240
12056643
12058574
12060837
12063519
12064290
12066972
12068460
12070835
12073045
12075046
12076801
12078776
12079819
12081693
12083775
12085812
12086814
12089221
12092067
12094289
12096486
12097764
12100041
12101074
12103262
12104816
12107912
12110090
12111963
12114276
12116147
12117833
12120082
12121400
12123753
12125426
12128238
12129401
12130910
12133434
12135172
12137008
12139454
12142223
12143580
12145398
12146610
12148005
12150472
12153126
12155294
12156669
12157923
12160958
12162692
12164523
12166383
12168720
12170211
12172831
12174410
12176895
12177647
12180223
12183261
12184435
12186991
12187858
12190270
12191200
12193131
12195455
12198392
12200636
12201262
12203372
12205192
12207475
12210248
12211333
12212892
12215216
12216704
12218571
12220135
12222640
12225658
12227001
12229152
12230539
12233448
12235406
12237079
12239478
12241891
12243277
12245482
12247508
12249279
12251283
12252814
12254218
12256981
12258644
12260320
12261599
12264569
12266262
12268142
12270816
12272686
12274329
12276184
12278252
12279937
12281595
12284032
12285792
12288573
12290701
12292077
12293995
12296149
12297592
12299798
12302000
12303975
12305071
12307780
12309500
12311921
12313362
12315601
12317271
12319457
12321050
12323498
12325820
12326239
12328613
12331336
12333643
12335071
12336581
12339531
12340854
12342938
12344417
12346062
12348716
12350356
12352056
12354928
12357015
12358312
12360798
12361964
12363981
12365707
12368055
12370547
12372182
12373342
12375473
12377785
12379975
12381649
12383868
12386713
12387822
12390383
12391691
12393840
12395044
12397061
12399272
12401554
12403507
12405561
12407332
12409673
12411285
12413392
12414800
12416558
12419363
12421427
12424234
12424606
12426852
12428451
12430613
12432250
12434429
12437422
12439602
12440950
12442298
12445104
12446938
12448806
12450546
12452759
12454657
12456058
12458349
12460962
12462797
12464229
12465791
12467690
12470586
12472576
12473598
12476311
12478379
12480064
12481550
12483606
12485461
12488294
12490304
12492330
12494613
12495681
12498287
12499614
12502045
12504322
12505392
12507084
12508810
12510744
12514003
12515915
12517827
12518202
12520245
12523373
12525779
12527033
12528862
12531220
12533582
12534934
12537122
12538491
12541580
12543260
12545918
12546999
12548447
12551253
12551895
12554021
12556107
12558030
12560622
12562427
12564561
12566924
12568916
12570178
12572903
12574301
12576498
12577658
12580347
12582386
12584574
12586616
12588439
12589903
12591479
12593929
12596306
12597445
12600460
12602349
12604088
12605903
12607827
12609503
12611509
12613414
12615168
12617216
12619528
12621621
12622406
12624967
12626609
12628739
12631461
12633320
12634969
12636565
12638667
12641113
12642878
12645046
12647583
12648741
12650451
12652704
12654564
12656249
12657894
12659597
12663182
12664507
12666911
12668994
12669677
12672804
12673437
12676434
12678133
12679821
12681858
12684888
12686911
12688311
12689973
12691985
12693817
12695520
12697080
12699783
12701308
12703493
12706599
12707878
12710617
12712059
12713447
12715136
12717453
12719383
12721591
12723884
12725649
12727705
12729872
12731297
12733496
12735560
12737736
12738958
12740477
12742635
12745053
12746892
12748861
12749998
12752267
12755315
12757218
12757953
12761406
12763097
12764677
12766797
12769356
12771121
12772813
12774404
12775943
12778130
12780280
12782990
12784173
12785940
12788540
12789841
12792168
12793998
12795855
12797604
12799817
12802761
12804296
12806297
12807920
12810411
12812138
12813268
12816170
12816521
12819386
12821517
12823654
12825871
12826899
12829422
12830437
12833407
12834785
12837418
12839405
12841165
12843287
12845401
12847540
12849045
12850276
12852384
12854479
12856638
12858433
12860228
12861738
12863909
12866243
12868446
12870880
12871939
12874413
12876517
12877896
12880375
12881693
12884625
12886092
12887658
12890114
12891450
12894225
12896208
12898028
12900275
12902390
12903786
12905961
12908330
12909548
12911541
12913808
12916249
12918274
12919993
12921866
12923342
12925830
12927724
12929712
12930530
12933126
12934662
12936757
12939120
12941479
12943067
12945669
12947581
12948938
12951371
12952425
12954314
12955821
12958646
12960355
12963176
12964704
12965904
12968519
12970844
12972588
12974376
12976231
12977464
12979850
12982628
12984326
12986859
12987780
12990128
12992128
12993863
12995810
12997761
13000192
13001479
13003505
13005959
13007473
13009815
13011575
13014036
13015602
13017778
13020566
13021093
13023590
13025602
13027864
13030415
13031814
13032351
13034742
13038014
13040202
13041823
13043137
13044709
13046673
13048835
13051019
13052796
13054324
13057211
13058460
13061175
13063095
13064411
13065947
13068298
13070276
13072647
13073686
13076559
13078409
13080985
13082954
13084245
13085769
13087905
13090961
13092530
13093828
13095905
13098485
13100072
13101659
13103915
13105401
13107720
13110199
13112038
13114630
13116116
13116856
13119785
13121839
13122426
13125301
13126835
13129487
13131385
13133353
13136455
13137104
13138940
13141012
13143288
13144269
13147066
13148585
13150877
13153045
13155240
13156630
13158468
13160598
13162712
13164505
13166980
13167567
13171173
13172141
13174237
13176227
13177955
13180839
13181155
13183265
13186442
13188706
13191339
13192338
13194955
13196831
13199105
13200865
13202018
13204529
13205733
13208178
13209654
13212038
13213976
13215880
13218039
13220225
13221595
13224173
13226331
13227177
13229643
13231844
13233638
13236372
13237635
13239511
13241535
13243326
13244898
13246921
13248679
13251855
13252980
13254431
13256929
13259251
13261600
13262504
13265107
13266876
13269294
13271206
13272819
13274095
13276517
13278583
13280553
13282180
13284337
13285760
13288366
13290145
13293421
13294548
13297395
13299343
13299812
13301543
13304237
13305595
13307677
13311436
13312441
13315071
13316611
13318165
13320451
13322439
13323017
13326059
13328011
13329580
13332206
13334730
13336019
13338060
13339690
13341090
13343479
13345753
13347436
13348636
13351277
13352461
13354085
13357248
13358909
13360625
13363046
13365099
13366572
13369246
13370540
13373096
13374765
13376356
13379238
13380894
13383069
13384753
13387160
13388506
13390867
13393494
13394811
13396719
13398697
13401077
13402201
13404958
13406184
13408327
13410774
13412287
13414742
13416307
13419008
13420186
13422562
13424052
13425937
13428646
13430481
13432412
13433719
13435379
13438445
13441136
13440778
13443778
13445686
13448562
13450061
13451030
13453020
13456023
13458268
13460324
13461682
13463664
13465631
13467442
13468334
13471038
13473002
13475347
13477013
13478773
13481575
13482852
13485236
13486008
13488313
13490998
13492571
13495906
13496384
13498462
13501132
13502233
13504909
13506291
13508961
13511194
13512721
13513625
13516412
13517906
13520415
13521805
13525144
13525889
13528687
13529364
13532207
13533691
13537006
13538232
13540119
13541901
13543783
13546367
13547493
13549299
13552339
13554964
13556764
13558444
13559437
13561685
13563200
13565723
13567759
13569798
13571767
13574009
13576472
13577668
13579680
13581073
13583314
13584808
13587382
13589495
13591471
13593188
13594140
13596301
13598425
13601107
13603260
13605685
13606603
13607974
13609787
13611737
13613818
13617485
13617994
13620494
13621520
13625079
13626584
13627580
13629376
13632624
13634925
13636399
13638284
13639737
13641816
13644653
13646629
13648500
13650446
13651880
13654908
13656975
13657502
13659334
13661650
13664337
13665640
13668429
13669094
13670713
13672814
13675052
13678013
13680428
13681820
13683447
13684803
13686655
13689221
13691509
13693657
13695781
13698206
13700168
13700888
13702708
13704880
13707222
13709852
13711303
13713098
13715024
13716549
13718470
13721167
13722813
13725537
13726557
13729032
13730547
13732826
13734501
13736614
13738777
13739998
13742530
13744126
13746059
13747496
13750949
13753205
13755142
13756854
13758390
13760964
13762038
13764835
13765759
13768481
13770437
13772123
13773997
13775582
13778434
13779853
13781986
13783325
13785176
13788180
13789871
13792006
13794516
13796626
13798029
13800406
13801208
13803300
13805277
13807691
13809173
13810802
13813521
13814281
13816703
13818864
13820914
13823342
13824708
13826802
13829405
13830822
13832520
13834167
13837089
13839216
13841160
13843493
13845006
13847128
13848787
13850089
13851387
13854752
13856857
13859757
13860851
13861961
13864374
13866387
13868369
13869595
13872608
13874062
13877315
13878971
13880039
13882447
13884131
13886569
13887661
13889751
13892376
13894036
13895197
13897514
13900364
13900831
13904021
13906239
13907609
13910718
13911544
13913988
13916162
13917675
13919974
13921530
13923012
13924956
13927475
13929066
13930888
13932536
13935142
13936918
13938712
13941406
13942751
13945235
13947012
13949034
13950495
13952073
13954834
13957191
13959384
13961066
13962621
13965377
13966958
13969371
13970331
13972615
13974444
13976818
13978952
13981220
13982495
13983911
13985834
13988854
13991162
13992687
13994438
13995448
13997797
13999954
14001946
14003910
14006567
14007281
14009891
14011814
14013255
14016211
14018829
14019990
14021147
14023027
14024556
14027890
14029676
14030725
14033426
14035115
14037691
14039236
14041477
14043939
14046489
14046918
14049506
14052030
14052632
14055599
14057413
14059770
14061446
14063366
14065481
14067028
14068728
14071715
14073045
14074876
14076562
14079066
14080832
14082093
14085019
14086528
14088544
14090914
14092115
14094151
14096139
14098640
14101153
14102890
14103961
14106736
14108465
14110468
14113053
14114398
14116302
14117825
14120181
14121700
14123723
14126503
14128100
14129339
14131427
14133368
14136063
14137063
14139296
14141286
14142481
14145819
14147669
14149102
14150955
14153375
14155141
14156614
14159391
14160947
14162594
14165036
14166728
14168834
14171127
14172599
14175361
14177057
14178247
14180926
14183248
14185295
14187164
14188584
14190672
14192324
14194061
14196564
14198391
14200834
14202820
14205078
14205534
14208608
14210868
14212501
14213949
14216441
14218614
14219771
14222725
14224555
14226108
14228162
14229588
14231798
14235123
14235977
14237168
14240388
14242774
14244373
14246018
14247555
14250047
14252196
14254387
14255737
14258341
14259609
14261360
14263276
14265140
14266783
14269455
14270964
14272872
14275536
14277827
14279048
14280194
14283351
14285327
14286916
14288431
14290740
14292750
14294793
14297116
14298292
14300367
14303033
14305452
14307683
14309696
14311534
14313503
14315056
14316192
14317384
14319488
14321512
14324046
14326705
14328837
14330260
14332375
14335066
14336004
14338071
14340893
14342594
14343984
14345818
14347457
14349728
14352265
14353622
14356238
14357137
14359699
14361701
14363285
14366207
14367249
14369512
14372309
14373874
14375382
14377645
14379345
14381781
14382641
14385686
14387594
14389598
14390856
14393283
14395373
14397947
14399543
14401407
14402990
14405439
14407764
14408804
14410725
14413286
14414987
14416876
14418814
14420283
14422895
14424985
14425971
14429684
14431205
14432497
14434826
14437261
14438713
14439704
14442507
14444583
14446507
14448605
14450236
14452969
14454923
14456652
14458424
14459321
14462644
14464729
14466736
14469043
14470205
14472294
14474520
14476598
14479225
14480638
14482328
14483920
14486525
14488868
14491255
14491380
14493890
14496544
14496805
14500847
14502308
14504401
14506492
14508026
14509696
14512990
14514606
14516074
14518720
14520079
14522429
14524948
14527032
14527956
14529934
14532522
14534214
14535947
14538239
14539791
14543209
14543922
14546047
14548510
14550561
14551764
14553265
14554879
14557999
14559807
14562497
14563656
14565768
14568121
14569786
14571644
14573780
14576270
14577471
14578990
14581798
14583634
14585722
14587744
14588863
14590764
14593347
14595928
14597789
14599540
14601970
14603925
14606654
14607336
14609221
14611310
14612688
14615858
14617264
14618777
14621690
14622633
14625571
14627281
14630307
14632841
14634313
14635585
14637491
14638444
14640597
14643387
14644568
14647389
14649662
14650244
14653430
14654829
14657938
14659328
14661440
14662470
14664943
14668092
14668584
14670073
14672527
14674811
14676563
14678854
14681690
14682579
14685479
14686696
14689037
14691370
14693214
14695504
14697297
14699102
14700840
14702616
14703952
14706556
14708224
14709932
14712882
14714388
14716249
14717876
14719964
14722308
14724813
14727500
14728332
14731222
14732555
14733953
14736709
14739449
14741201
14742764
14745228
14746242
14748852
14750769
14752713
14754339
14756379
14757371
14759630
14761903
14764204
14766090
14768229
14770059
14771832
14773991
14776149
14778214
14779296
14781134
14783480
14785746
14787684
14789803
14792284
14794838
14796060
14798413
14799854
14801811
14804830
14804978
14808699
14810245
14811993
14813375
14815280
14818463
14820242
14822468
14824102
14826004
14827641
14830233
14831556
14833552
14836181
14837733
14839730
14841214
14843639
14845781
14847683
14850406
14851588
14853278
14855558
14856972
14859957
14861819
14863294
14865710
14867854
14869856
14871992
14873815
14875304
14878070
14879597
14881680
14882594
14885335
14887508
14889777
14892222
14893348
14895498
14897581
14899034
14901476
14902373
14905161
14906752
14909110
14910371
14912951
14915010
14916827
14918416
14920924
14924286
14926847
14927865
14930200
14931923
14932843
14935205
14936815
14937959
14940647
14943100
14944613
14946730
14949356
14951253
14953209
14955611
14956870
14958767
14960893
14962936
14965175
14966437
14967959
14971297
14972263
14975127
14976823
14978717
14981028
14983849
14984664
14985870
14989308
14991128
14993127
14994021
14996674
14998345
15000520
15002613
15003927
15006366
15008538
15011046
15012717
15014238
15016508
15018474
15020492
15021498
15023379
15026517
15028628
15030409
15032038
15032773
15035956
15038151
15040720
15042526
15042694
15045420
15047057
15050795
15052553
15054045
15055354
15058371
15059675
15061640
15064589
15066267
15068322
15069396
15071983
15073473
15075704
15077502
15079718
15082533
15084762
15086911
15088550
15089858
15091680
15093141
15096297
15098438
15101171
15100208
15103498
15105380
15106781
15110917
15112229
15113308
15114683
15117647
15119516
15122200
15124205
15124689
15127435
15130131
15131557
15133346
15135362
15136435
15137986
15141455
15143438
15145644
15147215
15149728
15151541
15154373
15155047
15157798
15159724
15161067
15163068
15164735
15168068
15169622
15172035
15173278
15176197
15176943
15178792
15181084
15182999
15185235
15186963
15189037
15190467
15192539
15194899
15198233
15199400
15200469
15202502
15204427
15207799
15209506
15210806
15212623
15214548
15216513
15218484
15219614
15222206
15225408
15226945
15227897
15230365
15232814
15235155
15236549
15239183
15241276
15243202
15244776
15246716
15248857
15249965
15252449
15254389
15256247
15258467
15260886
15262259
15264804
15265175
15267925
15270956
15273397
15275094
15277067
15278811
15281722
15283466
15284849
15286358
15288727
15290816
15291947
15294951
15296538
15299018
15300544
15302776
15305365
15307300
15308200
15309577
15312357
15315180
15316664
15319431
15321047
15321408
15323630
15326249
15327429
15330424
15332756
15333670
15335643
15338372
15340618
15342049
15343734
15345806
15348252
15350511
15351170
15354744
15356703
15357934
15359752
15361891
15363928
15366137
15367497
15369528
15371513
15374414
15375528
15377662
15380680
15381642
15383586
15386530
15387261
15390136
15392617
15395478
15397104
15398865
15400099
15401694
15403829
15406139
15406787
15410189
15411601
15412210
15414840
15417588
15419052
15421857
15423365
15426180
15428070
15429965
15432303
15434317
15435118
15436858
15439204
15441604
15443434
15445063
15446720
15449141
15451782
15453353
15454704
15457723
15459846
15461033
15463137
15464730
15466387
15468740
15471379
15472721
15474886
15476720
15478411
15481649
15484052
15485671
15487032
15488724
15490442
15493623
15495855
15497465
15499763
15501300
15503881
15505836
15506013
15508905
15511790
15513555
15515241
15517249
15518143
15520243
15521875
15525451
15526910
15529300
15531013
15532941
15534089
15536179
15538375
15541224
15542437
15544699
15546650
15549383
15550624
15553260
15554886
15556502
15558246
15561486
15562895
15564622
15566892
15569405
15570394
15572563
15574647
15576534
15577702
15580486
15582917
15585168
15586432
15588547
15590153
15592510
15594582
15595032
15597028
15600133
15602552
15604563
15606160
15608232
15609070
15611376
15613453
15616627
15618233
15620650
15621991
15624636
15626146
15628460
15630287
15632695
15634280
15636590
15637643
15639452
15642139
15643321
15646058
15648371
15650718
15652122
15654131
15655679
15658188
15661189
15663276
15664527
15666174
15669552
15670156
15671990
15673080
15676395
15677353
15680488
15680609
15682281
15684203
15688109
15689424
15690471
15693042
15696257
15697735
15699309
15701834
15703759
15705521
15706914
15709732
15711219
15714172
15716209
15717343
15718936
15721261
15724109
15725502
15726957
15729655
15731670
15733576
15736073
15736775
15740432
15742046
15743405
15745650
15747944
15749845
15752295
15752566
15754979
15755985
15758410
15760606
15763149
15765313
15767876
15770450
15770801
15772430
15774884
15776451
15778651
15781315
15783445
15785430
15788005
15788351
15790773
15793275
15794678
15796867
15798331
15800832
15802486
15804632
15807114
15808463
15811799
15813741
15814247
15817714
15819356
15821394
15822815
15824729
15827057
15828388
15830790
15833000
15834761
15837219
15838816
15839919
15843458
15845023
15847216
15849505
15849780
15852878
15854945
15857081
15859131
15861185
15862697
15864575
15866893
15870500
15871875
15872776
15875167
15877964
15877813
15880857
15882949
15884927
15886507
15888215
15890374
15892579
15894289
15896817
15898218
15899917
15902430
15904543
15906427
15908755
15910436
15912042
15914194
15914979
15919045
15920179
15922303
15925121
15927225
15928340
15930797
15933188
15934809
15936625
15939503
15941505
15942378
15943692
15946589
15947997
15949994
15951433
15954007
15956848
15957690
15959754
15963040
15965146
15966309
15968353
15970661
15971487
15973210
15976016
15977831
15979804
15981630
15983529
15986570
15987872
15990035
15992329
15994180
15996008
15997667
15999213
16002281
16004206
16005365
16007592
16009075
16011429
16013462
16016603
16019069
16020641
16022011
16023295
16025208
16027719
16030589
16031395
16033061
16035558
16036704
16039009
16041593
16043801
16045969
16047854
16050537
16051529
16053458
16054998
16057142
16058868
16061683
16063600
16065094
16067956
16069248
16071243
16075233
16075826
16077219
16079600
16081437
16083166
16085011
16086689
16088837
16091434
16093304
16095374
16097263
16098951
16101067
16104159
16105446
16107218
16108672
16111659
16113115
16115487
16117472
16118586
16120604
16122441
16124981
16126365
16129587
16130681
16133596
16135891
16137995
16140092
16140972
16142771
16145248
16148434
16148446
16150609
16152818
16154656
16156690
16159505
16161714
16163456
16165129
16167614
16168831
16170797
16172322
16174516
16176792
16179822
16180847
16183107
16185140
16187140
16188652
16190817
16192766
16195421
16196440
16199153
16202061
16203301
16205123
16206228
16209123
16210843
16212275
16214933
16216647
16219201
16221267
16222707
16224313
16227140
16227823
16230730
16232887
16233930
16235546
16237125
16239980
16242658
16244178
16245654
16248778
16250598
16251680
16254272
16257163
16259616
16260163
16263239
16264820
16266396
16268619
16269639
16272957
16275172
16276131
16277982
16280241
16281544
16283728
16285722
16288622
16290883
16292143
16293977
16296573
16298017
16300901
16302845
16303913
16305355
16307628
16311251
16311562
16315179
16317070
16318210
16319678
16321213
16324816
16325485
16328269
16330678
16332216
16334694
16335184
16338601
16340346
16342736
16344695
16346461
16348829
16349560
16352427
16353055
16355322
16357276
16360102
16361845
16364373
16366822
16367860
16369661
16372169
16373595
16376432
16378036
16380255
16383253
16383250
16385470
16388098
16389901
16392484
16393655
16395754
16396899
16400496
16403043
16404235
16405029
16407734
16409129
16411653
16413276
16415053
16416504
16419497
16422042
16424134
16425451
16428164
16430211
16431830
16433935
16435468
16438624
16438746
16440192
16442985
16445379
16446756
16450378
16452755
16453718
16455130
16457869
16459749
16461527
16462812
16464667
16466902
16469322
16471812
16474567
16475922
16477594
16480807
16482115
16483850
16486021
16487312
16489580
16491772
16493069
16496317
16497433
16499464
16501305
16503509
16506231
16508170
16509111
16510264
16512944
16515452
16516603
16519006
16521377
16523331
16525166
16526667
16529034
16531262
16532603
16534675
16536844
16539241
16541497
16542449
16544969
16546948
16549132
16551676
16552802
16554940
16557728
16558579
16560019
16562494
16564711
16566269
16568903
16571323
16572763
16575232
16577292
16579130
16580958
16584065
16585381
16586735
16588621
16591305
16593509
16594226
16596721
16598786
16601754
16603319
16604902
16606121
16608965
16610473
16611532
16613970
16616066
16619494
16621245
16623651
16623483
16627293
16628528
16631595
16633154
16634471
16636239
16638056
16639057
16642138
16643603
16646781
16647513
16650576
16653109
16654547
16655705
16658751
16660552
16662683
16664617
16666795
16668566
16669987
16672865
16674625
16675868
16677918
16680186
16682572
16683435
16685320
16688605
16691090
16691527
16693711
16695239
16698137
16700145
16702528
16703923
16705783
16708147
16709756
16712030
16714191
16716980
16717979
16720062
16722629
16723709
16725322
16728278
16731005
16731852
16733568
16736079
16737344
16740622
16742487
16744301
16746344
16747810
16749821
16751748
16753867
16755738
16757870
16760237
16761920
16763645
16765988
16767450
16770357
16772749
16773133
16775190
16777909
16779985
16780904
16784214
16785248
16788261
16790209
16791896
16793905
16795537
16797585
16799587
16801379
16803741
16804440
16806931
16810688
16811840
16815032
16816111
16816843
16819604
16821430
16822492
16825326
16827772
16830451
16832109
16832324
16834854
16836950
16839861
16842325
16843893
16846198
16848208
16848840
16850972
16853420
16855615
16856931
16858613
16861274
16863563
16865311
16866997
16869566
16871056
16873042
16874923
16877504
16879625
16880762
16883781
16885487
16887463
16888589
16891086
16892018
16895326
16896343
16898336
16899846
16902039
16904622
16906162
16908653
16910101
16913072
16914432
16917698
16919239
16920859
16923119
16925201
16927654
16929418
16931761
16933608
16934648
16936847
16939932
16941073
16943065
16943955
16946534
16948717
16950823
16951851
16954745
16957199
16959804
16960644
16962326
16964904
16966688
16969245
16971211
16972798
16973604
16977060
16978796
16981201
16982361
16984225
16987024
16988201
16990468
16992624
16995785
16997153
16998901
16999839
17002150
17004399
17006719
17008449
17010865
17012265
17015157
17016970
17018783
17021175
17021986
17024824
17025999
17028365
17031128
17034258
17034701
17036908
17038254
17041168
17041854
17043432
17045956
17047878
17050462
17053006
17055349
17056749
17058501
17060396
17062124
17063404
17066926
17068428
17070293
17072887
17073797
17076470
17078749
17081097
17082517
17082960
17086144
17088614
17089999
17092246
17094378
17094873
17098061
17099685
17101853
17104491
17106292
17107972
17109921
17111332
17114149
17115919
17118024
17119825
17123061
17124849
17127446
17129024
17131036
17131867
17134513
17136802
17138721
17140999
17141862
17144493
17146384
17148947
17149524
17152427
17155061
17156247
17158511
17160080
17162457
17164196
17167127
17169069
17171120
17171661
17174421
17176241
17178119
17179594
17181633
17184978
17185463
17188525
17190441
17192173
17194126
17196125
17198227
17200463
17202239
17204280
17206409
17207568
17209916
17211262
17215100
17216002
17218926
17220160
17222200
17223667
17226460
17227771
17230292
17231901
17234441
17236447
17238512
17239946
17243176
17244338
17245366
17247807
17249984
17251329
17254198
17256056
17257728
17260000
17262071
17263411
17264647
17267751
17270005
17272348
17274135
17275995
17278414
17280127
17281751
17284109
17285692
17287942
17289227
17292761
17295084
17297409
17298498
17301064
17302242
17303375
17305034
17306754
17309525
17312271
17314731
17316567
17317383
17319350
17322458
17323913
17326050
17327690
17329828
17332425
17334244
17336005
17338177
17340025
17341796
17343638
17346221
17348322
17349803
17351914
17353834
17355693
17359131
17360450
17360927
17363435
17365508
17368270
17369797
17372329
17373597
17375646
17378200
17380154
17382189
17384322
17385291
17388899
17389709
17392144
17392781
17395765
17397281
17399469
17401038
17403826
17404760
17407730
17409232
17410876
17413512
17415908
17417463
17419644
17421699
17424369
17426281
17427821
17428767
17431852
17434685
17435570
17438118
17439491
17441950
17443671
17445204
17447808
17450202
17451692
17452660
17454419
17458020
17458807
17461320
17463584
17466030
17467104
17469587
17471763
17473867
17474782
17477359
17479878
17482050
17483840
17485915
17488319
17488985
17491939
17494009
17496309
17498536
17500011
17500972
17503360
17505073
17507197
17509770
17511830
17514127
17514421
17516894
17519816
17521209
17523973
17525885
17526869
17530139
17530964
17534187
17535511
17537255
17540027
17540651
17543254
17546003
17546648
17549216
17550682
17553198
17554697
17557513
17560206
17560921
17563954
17565078
17567892
17570185
17571832
17573215
17575575
17578061
17578398
17581659
17583278
17585714
17586019
17589542
17591775
17592812
17595680
17596620
17599087
17601371
17603584
17605481
17607738
17609947
17612558
17613840
17615762
17617589
17618887
17622203
17622855
17625860
17627476
17629310
17632075
17633226
17635423
17637733
17639602
17640900
17643484
17645349
17647594
17650190
17651999
17654378
17655537
17656999
17659061
17660909
17663617
17664998
17668074
17669264
17670993
17672498
17674423
17676972
17680144
17680488
17683775
17684964
17688515
17689648
17691264
17692481
17695339
17696327
17698804
17701874
17702741
17704941
17707858
17709787
17710984
17712815
17715923
17717691
17720294
17721833
17722734
17725228
17727204
17729646
17731592
17732707
17735760
17738560
17739459
17742391
17743415
17744777
17746303
17748968
17750777
17753380
17754583
17757686
17758808
17761623
17763762
17765326
17767723
17769128
17772616
17773444
17775259
17776674
17779940
17781380
17782521
17784522
17786723
17789871
17791802
17792675
17794817
17795715
17798704
17801201
17803860
17805029
17807733
17808345
17810943
17813755
17814492
17816987
17819700
17820921
17824107
17825085
17827033
17829317
17831159
17832887
17835011
17837330
17839145
17841212
17842953
17844360
17846887
17848674
17851074
17853830
17855183
17857139
17859259
17861534
17863015
17864643
17866794
17869791
17872175
17872340
17874941
17877588
17878690
17880970
17882197
17884651
17887347
17888350
17891088
17894227
17895126
17897604
17898792
17901713
17903231
17904997
17907226
17909702
17910858
17913081
17914066
17917843
17920126
17920993
17923884
17924162
17926755
17930031
17931199
17932150
17934561
17936586
17939422
17940687
17942930
17944902
17946722
17949075
17951256
17953373
17955564
17957646
17957967
17960594
17963039
17964562
17966569
17968535
17970448
17972678
17974861
17977503
17979155
17980308
17983518
17985447
17987229
17988386
17990810
17992763
17994574
17997869
17998796
18000469
18002244
18004390
18006732
18008856
18010493
18012638
18015612
18015788
18017930
18020788
18023153
18026228
18026515
18029099
18030695
18033323
18034783
18036135
18039393
18040884
18043461
18044708
18047037
18048526
18050479
18051597
18054148
18056172
18059340
18061089
18062857
18064921
18067152
18069109
18071259
18072585
18074042
18076033
18078401
18081078
18081675
18084694
18086857
18088320
18091036
18092121
18095210
18096627
18098458
18101736
18102054
18104679
18106979
18108269
18111059
18113371
18115402
18116263
18118334
18120315
18123147
18124645
18127272
18128158
18130197
18132876
18135312
18136529
18139568
18140549
18142212
18144014
18145798
18148922
18151390
18152838
18155489
18157493
18158780
18160632
18163665
18164854
18167338
18169163
18170363
18173122
18174452
18176432
18179040
18180552
18182614
18184666
18185694
18189289
18190000
18192943
18193832
18196731
18198754
18201174
18202738
18204966
18206101
18208748
18211061
18213090
18215313
18217194
18218018
18219910
18221565
18224560
18227057
18228020
18229686
18231980
18235236
18238179
18238518
18239752
18242800
18243833
18246308
18248556
18250497
18253285
18254989
18256237
18258472
18260146
18262143
18264158
18267249
18268573
18270845
18272281
18274372
18275743
18278472
18281399
18282955
18284112
18285887
18288224
18290551
18292830
18294596
18296498
18298151
18299886
18302342
18304520
18306966
18307899
18310962
18312320
18314729
18315513
18318583
18321233
18322128
18324053
18327118
18327865
18330987
18332506
18334484
18337123
18338865
18339937
18342084
18343767
18347758
18348555
18350562
18352437
18353172
18355712
18359137
18358744
18362155
18364333
18366141
18369243
18370815
18372386
18374527
18376764
18378263
18381108
18382559
18383098
18386141
18388590
18390654
18392318
18394386
18396275
18397990
18398737
18402943
18404347
18405989
18409187
18410390
18412323
18414293
18416455
18419781
18420577
18422698
18423660
18425894
18427422
18430553
18432235
18433890
18435619
18438475
18440462
18441725
18443764
18446735
18448196
18450488
18452082
18453880
18455624
18458086
18460729
18460408
18464576
18466379
18469024
18470162
18473210
18473970
18476263
18478032
18480131
18483622
18484651
18485674
18488305
18491438
18492002
18493530
18495961
18498375
18500817
18501689
18504447
18506153
18509087
18511040
18511848
18513934
18515657
18517536
18520456
18523107
18524550
18525990
18529463
18531070
18531887
18534119
18535819
18538969
18539926
18543087
18543901
18546374
18548765
18550124
18553307
18552846
18556223
18557999
18559739
18561774
18564679
18565766
18569065
18571948
18572149
18574870
18575621
18578482
18580813
18581987
18584220
18586190
18588541
18590308
18592296
18594651
18595703
18597931
18599520
18601012
18604796
18605552
18607875
18610576
18611812
18614913
18616256
18617270
18621154
18622140
18625072
18626325
18627220
18630007
18631949
18633376
18635398
18638430
18640283
18642535
18642821
18645699
18649122
18649851
18652348
18653982
18656218
18659008
18660144
18662455
18663810
18667138
18667744
18670032
18672346
18673689
