853904
853904
822832
821136
821136
791760
786672
786672
786672
786672
786672
754192
744016
744016
744016
744016
744016
744016
744016
744016
744016
744016
744016
717616
697264
697264
697264
697264
697264
697264
697264
697264
697264
697264
697264
697264
697264
697264
697264
697264
697264
697264
697264
697264
697264
697264
697264
689168
648464
648464
648464
648464
648464
648464
648464
648464
648464
648464
648464
648464
648464
648464
648464
648464
648464
648464
648464
648464
648464
648464
648464
648464
648464
648464
648464
648464
648464
648464
648464
648464
648464
648464
648464
648464
648464
648464
648464
648464
648464
648464
648464
648464
648464
648464
648464
648464
631568
599312
599312
599312
599312
