0.058000
0.035000
0.027000
0.025000
0.025000
0.021000
0.022000
0.020000
0.020000
0.020000
0.020000
0.018000
0.018000
0.017000
0.018000
0.017000
0.017000
0.018000
0.017000
0.012000
0.008000
0.008000
0.009000
0.008000
0.007000
0.008000
0.008000
0.007000
0.007000
0.008000
0.008000
0.008000
0.008000
0.008000
0.006000
0.008000
0.008000
0.008000
0.008000
0.008000
0.008000
0.007000
0.007000
0.008000
0.009000
0.019000
0.014000
0.012000
0.011000
0.010000
0.008000
0.011000
0.010000
0.009000
0.008000
0.007000
0.007000
0.007000
0.007000
0.007000
0.006000
0.006000
0.007000
0.006000
0.006000
0.006000
0.006000
0.006000
0.006000
0.006000
0.006000
0.006000
0.006000
0.006000
0.006000
0.006000
0.006000
0.006000
0.006000
0.006000
0.006000
0.006000
0.006000
0.006000
0.006000
0.006000
0.006000
0.006000
0.006000
0.006000
0.006000
0.006000
0.006000
0.006000
0.007000
0.006000
0.005000
0.005000
0.006000
0.005000
0.005000
