69008
69008
67200
66960
63344
63344
63344
63344
62384
59248
59248
59248
59248
59248
59248
59248
59248
59248
57088
54640
54640
54640
54640
54640
54640
54640
54640
54640
54640
54640
54640
54640
54640
54640
54640
54640
54640
54640
50080
49776
49776
49776
49776
49776
49776
49776
49776
49776
49776
49776
49776
49776
49776
49776
49776
49776
49776
49776
49776
49776
49776
49776
49776
49776
49776
49776
49776
49776
49776
49776
49776
49776
49776
49776
49776
49776
49776
45520
44896
44896
44896
44896
44896
44896
44896
44896
44896
44896
44896
44896
44896
44896
44896
44896
44896
44896
44896
44896
44896
44896
44896
