64608
64608
66416
66896
74128
74128
74128
74128
77968
93648
93648
93648
93648
93648
93648
93648
93648
93648
113088
137568
137568
137568
137568
137568
137568
137568
137568
137568
137568
137568
137568
137568
137568
137568
137568
137568
137568
137568
224208
230288
230288
230288
230288
230288
230288
230288
230288
230288
230288
230288
230288
230288
230288
230288
230288
230288
230288
230288
230288
230288
230288
230288
230288
230288
230288
230288
230288
230288
230288
230288
230288
230288
230288
230288
230288
230288
230288
396272
420608
420608
420608
420608
420608
420608
420608
420608
420608
420608
420608
420608
420608
420608
420608
420608
420608
420608
420608
420608
420608
420608
420608
