2.438000
1.913000
1.713000
1.755000
1.489000
1.499000
1.491000
1.487000
1.465000
1.450000
1.447000
1.582000
1.458000
1.408000
1.417000
1.428000
2.191000
2.084000
1.598000
1.643000
1.623000
1.628000
1.630000
1.620000
1.621000
1.621000
1.625000
1.626000
1.624000
1.628000
1.627000
1.687000
1.632000
1.644000
1.618000
1.630000
1.722000
2.091000
2.155000
2.144000
2.170000
3.199000
2.970000
2.088000
2.093000
2.081000
2.106000
2.172000
2.314000
2.397000
2.381000
2.250000
2.197000
2.566000
2.336000
2.099000
2.093000
2.096000
2.090000
2.087000
2.133000
2.110000
2.095000
2.087000
2.086000
2.091000
2.092000
2.094000
2.100000
2.109000
2.095000
2.089000
2.107000
2.095000
2.091000
2.828000
3.118000
3.140000
3.121000
3.114000
3.143000
3.135000
3.119000
3.127000
3.123000
3.145000
3.112000
3.116000
3.140000
3.127000
3.135000
3.127000
3.122000
3.137000
3.120000
3.127000
3.152000
3.143000
3.116000
3.131000
3.121000
