2.638000
2.027000
1.773000
1.653000
1.498000
1.486000
1.502000
1.499000
1.456000
1.462000
1.455000
1.461000
1.451000
1.450000
1.452000
1.500000
1.469000
1.448000
1.614000
1.626000
1.638000
1.626000
1.619000
1.614000
1.627000
1.613000
1.620000
1.621000
1.634000
1.641000
1.629000
1.615000
1.623000
1.620000
1.621000
1.678000
1.623000
2.075000
2.126000
2.144000
2.119000
2.127000
2.137000
2.153000
2.129000
2.126000
2.121000
2.143000
2.131000
2.129000
2.133000
2.137000
2.132000
2.130000
2.152000
2.155000
2.122000
2.127000
2.136000
2.140000
2.131000
2.127000
2.141000
2.124000
2.122000
2.140000
2.514000
2.273000
2.175000
2.133000
2.237000
2.148000
2.534000
2.440000
2.251000
2.854000
3.159000
3.167000
3.153000
3.159000
3.159000
3.150000
3.177000
3.158000
3.167000
3.160000
3.166000
3.145000
3.153000
3.137000
3.146000
3.242000
3.173000
3.165000
3.156000
3.166000
3.154000
3.160000
3.186000
3.175000
3.152000
