2.386000
1.864000
1.669000
1.616000
1.449000
1.450000
1.436000
1.447000
1.411000
1.406000
1.400000
1.403000
1.406000
1.407000
1.400000
1.405000
1.404000
1.404000
1.560000
1.580000
1.586000
1.572000
1.579000
1.574000
1.574000
1.575000
1.569000
1.572000
1.571000
1.571000
1.572000
1.580000
1.586000
1.575000
1.579000
1.578000
1.582000
2.006000
2.090000
2.085000
2.091000
2.083000
2.082000
2.081000
2.083000
2.089000
2.088000
2.086000
2.080000
2.089000
2.091000
2.093000
2.082000
2.084000
2.102000
2.089000
2.083000
2.092000
2.089000
2.088000
2.080000
2.082000
2.080000
2.082000
2.086000
2.101000
2.084000
2.093000
2.080000
2.079000
2.081000
2.077000
2.077000
2.082000
2.086000
2.798000
3.102000
3.101000
3.102000
3.105000
3.114000
3.104000
3.112000
3.107000
3.108000
3.106000
3.102000
3.114000
3.114000
3.111000
3.101000
3.104000
3.120000
3.103000
3.105000
3.114000
3.109000
3.107000
3.103000
3.112000
3.318000
