114434624
114434624
116046016
117017536
123463104
123463104
123463104
123463104
131235264
142491584
142491584
142491584
142491584
142491584
142491584
142491584
142491584
142491584
181838144
185305664
185305664
185305664
185305664
185305664
185305664
185305664
185305664
185305664
185305664
185305664
185305664
185305664
185305664
185305664
185305664
185305664
185305664
261782336
275690944
275690944
275690944
275690944
275690944
275690944
275690944
275690944
275690944
275690944
275690944
275690944
275690944
275690944
275690944
275690944
275690944
275690944
275690944
275690944
275690944
275690944
275690944
275690944
275690944
275690944
275690944
275690944
275690944
275690944
275690944
275690944
275690944
275690944
275690944
275690944
275690944
405807808
461442240
461442240
461442240
461442240
461442240
461442240
461442240
461442240
461442240
461442240
461442240
461442240
461442240
461442240
461442240
461442240
461442240
461442240
461442240
461442240
461442240
461442240
461442240
461442240
461442240
