220100887
220100887
220099764
220220557
221103457
221103457
221103457
221103457
223148098
226417732
226417732
226417732
226417732
226417732
226417732
226417732
226417732
226417732
240998333
242310268
242310268
242310268
242310268
242310268
242310268
242310268
242310268
242310268
242310268
242310268
242310268
242310268
242310268
242310268
242310268
242310268
242310268
275246779
281249640
281249640
281249640
281249640
281249640
281249640
281249640
281249640
281249640
281249640
281249640
281249640
281249640
281249640
281249640
281249640
281249640
281249640
281249640
281249640
281249640
281249640
281249640
281249640
281249640
281249640
281249640
281249640
281249640
281249640
281249640
281249640
281249640
281249640
281249640
281249640
281249640
341530086
367283405
367283405
367283405
367283405
367283405
367283405
367283405
367283405
367283405
367283405
367283405
367283405
367283405
367283405
367283405
367283405
367283405
367283405
367283405
367283405
367283405
367283405
367283405
367283405
367283405
