220098471
220098471
220098554
220219599
221110823
221110823
221110823
221110823
223150070
226421520
226421520
226421520
226421520
226421520
226421520
226421520
226421520
226421520
241014603
242324560
242324560
242324560
242324560
242324560
242324560
242324560
242324560
242324560
242324560
242324560
242324560
242324560
242324560
242324560
242324560
242324560
242324560
275244959
281245428
281245428
281245428
281245428
281245428
281245428
281245428
281245428
281245428
281245428
281245428
281245428
281245428
281245428
281245428
281245428
281245428
281245428
281245428
281245428
281245428
281245428
281245428
281245428
281245428
281245428
281245428
281245428
281245428
281245428
281245428
281245428
281245428
281245428
281245428
281245428
281245428
341516543
367333741
367333741
367333741
367333741
367333741
367333741
367333741
367333741
367333741
367333741
367333741
367333741
367333741
367333741
367333741
367333741
367333741
367333741
367333741
367333741
367333741
367333741
367333741
367333741
367333741
