220100902
220100902
220100697
220221995
221105415
221105415
221105415
221105415
223147911
226415607
226415607
226415607
226415607
226415607
226415607
226415607
226415607
226415607
240994888
242306698
242306698
242306698
242306698
242306698
242306698
242306698
242306698
242306698
242306698
242306698
242306698
242306698
242306698
242306698
242306698
242306698
242306698
275225053
281228855
281228855
281228855
281228855
281228855
281228855
281228855
281228855
281228855
281228855
281228855
281228855
281228855
281228855
281228855
281228855
281228855
281228855
281228855
281228855
281228855
281228855
281228855
281228855
281228855
281228855
281228855
281228855
281228855
281228855
281228855
281228855
281228855
281228855
281228855
281228855
281228855
341547135
367358098
367358098
367358098
367358098
367358098
367358098
367358098
367358098
367358098
367358098
367358098
367358098
367358098
367358098
367358098
367358098
367358098
367358098
367358098
367358098
367358098
367358098
367358098
367358098
367358098
