220099459
220099459
220100028
220221570
221102770
221102770
221102770
221102770
223143480
226410087
226410087
226410087
226410087
226410087
226410087
226410087
226410087
226410087
240999678
242311849
242311849
242311849
242311849
242311849
242311849
242311849
242311849
242311849
242311849
242311849
242311849
242311849
242311849
242311849
242311849
242311849
242311849
275215911
281205936
281205936
281205936
281205936
281205936
281205936
281205936
281205936
281205936
281205936
281205936
281205936
281205936
281205936
281205936
281205936
281205936
281205936
281205936
281205936
281205936
281205936
281205936
281205936
281205936
281205936
281205936
281205936
281205936
281205936
281205936
281205936
281205936
281205936
281205936
281205936
281205936
341461470
367229237
367229237
367229237
367229237
367229237
367229237
367229237
367229237
367229237
367229237
367229237
367229237
367229237
367229237
367229237
367229237
367229237
367229237
367229237
367229237
367229237
367229237
367229237
367229237
367229237
