220099603
220099603
220098688
220220699
221103879
221103879
221103879
221103879
223141124
226411278
226411278
226411278
226411278
226411278
226411278
226411278
226411278
226411278
240998525
242311223
242311223
242311223
242311223
242311223
242311223
242311223
242311223
242311223
242311223
242311223
242311223
242311223
242311223
242311223
242311223
242311223
242311223
275223180
281223292
281223292
281223292
281223292
281223292
281223292
281223292
281223292
281223292
281223292
281223292
281223292
281223292
281223292
281223292
281223292
281223292
281223292
281223292
281223292
281223292
281223292
281223292
281223292
281223292
281223292
281223292
281223292
281223292
281223292
281223292
281223292
281223292
281223292
281223292
281223292
281223292
341511596
367286295
367286295
367286295
367286295
367286295
367286295
367286295
367286295
367286295
367286295
367286295
367286295
367286295
367286295
367286295
367286295
367286295
367286295
367286295
367286295
367286295
367286295
367286295
367286295
367286295
