220096008
220096008
220094533
220215815
221102311
221102311
221102311
221102311
223144143
226412821
226412821
226412821
226412821
226412821
226412821
226412821
226412821
226412821
241009690
242322130
242322130
242322130
242322130
242322130
242322130
242322130
242322130
242322130
242322130
242322130
242322130
242322130
242322130
242322130
242322130
242322130
242322130
275257182
281271683
281271683
281271683
281271683
281271683
281271683
281271683
281271683
281271683
281271683
281271683
281271683
281271683
281271683
281271683
281271683
281271683
281271683
281271683
281271683
281271683
281271683
281271683
281271683
281271683
281271683
281271683
281271683
281271683
281271683
281271683
281271683
281271683
281271683
281271683
281271683
281271683
341549362
367342514
367342514
367342514
367342514
367342514
367342514
367342514
367342514
367342514
367342514
367342514
367342514
367342514
367342514
367342514
367342514
367342514
367342514
367342514
367342514
367342514
367342514
367342514
367342514
367342514
