220100170
220100170
220098841
220220210
221108205
221108205
221108205
221108205
223145461
226407744
226407744
226407744
226407744
226407744
226407744
226407744
226407744
226407744
240986501
242299952
242299952
242299952
242299952
242299952
242299952
242299952
242299952
242299952
242299952
242299952
242299952
242299952
242299952
242299952
242299952
242299952
242299952
275225983
281227903
281227903
281227903
281227903
281227903
281227903
281227903
281227903
281227903
281227903
281227903
281227903
281227903
281227903
281227903
281227903
281227903
281227903
281227903
281227903
281227903
281227903
281227903
281227903
281227903
281227903
281227903
281227903
281227903
281227903
281227903
281227903
281227903
281227903
281227903
281227903
281227903
341479457
367311951
367311951
367311951
367311951
367311951
367311951
367311951
367311951
367311951
367311951
367311951
367311951
367311951
367311951
367311951
367311951
367311951
367311951
367311951
367311951
367311951
367311951
367311951
367311951
367311951
