4.193000
3.835000
3.362000
3.326000
3.099000
2.948000
2.740000
2.843000
2.797000
2.649000
2.765000
2.820000
2.848000
2.875000
2.929000
2.841000
2.851000
2.798000
2.879000
2.805000
2.601000
2.415000
2.441000
2.452000
2.224000
2.257000
2.364000
2.358000
2.386000
2.384000
2.339000
2.457000
2.409000
2.466000
2.466000
2.459000
2.519000
2.419000
2.310000
2.400000
2.543000
2.527000
2.606000
2.616000
2.665000
2.837000
3.085000
2.578000
2.673000
2.622000
2.623000
2.572000
2.805000
2.569000
2.564000
2.543000
2.437000
2.355000
2.404000
2.392000
2.300000
2.378000
2.466000
2.437000
2.712000
2.854000
2.550000
2.618000
2.460000
2.373000
2.415000
2.431000
2.445000
2.321000
2.373000
2.787000
3.267000
2.844000
3.021000
3.026000
2.876000
2.919000
3.034000
3.267000
3.104000
3.213000
3.321000
3.235000
3.264000
3.215000
3.024000
3.056000
2.871000
3.069000
3.118000
3.159000
3.285000
3.388000
3.500000
3.197000
3.352000
