2.742000
2.304000
2.140000
2.105000
1.905000
1.919000
1.937000
1.911000
1.862000
1.794000
1.779000
1.787000
1.781000
1.801000
1.782000
1.769000
1.788000
1.787000
1.783000
1.766000
1.773000
1.794000
1.783000
1.775000
1.795000
1.781000
1.781000
1.777000
1.781000
1.785000
1.780000
1.788000
1.775000
1.782000
1.772000
1.777000
1.788000
1.861000
1.885000
1.895000
1.909000
1.904000
1.883000
1.902000
1.898000
1.903000
1.891000
1.889000
1.887000
1.875000
1.891000
1.892000
1.893000
1.881000
1.877000
1.879000
1.893000
1.886000
1.893000
1.886000
1.896000
1.890000
1.880000
1.876000
1.887000
1.875000
1.876000
1.910000
1.909000
1.904000
1.892000
1.874000
1.897000
1.905000
2.018000
2.315000
2.488000
2.431000
2.476000
2.520000
2.383000
2.370000
2.444000
2.655000
2.514000
2.675000
2.437000
2.432000
2.468000
2.449000
2.522000
2.472000
2.326000
2.339000
2.350000
2.461000
2.381000
2.326000
2.307000
2.291000
2.282000
