2.725000
2.299000
2.141000
2.078000
1.895000
1.901000
1.886000
1.899000
1.872000
1.781000
1.837000
1.840000
1.817000
1.807000
1.792000
1.795000
1.803000
1.790000
1.778000
1.768000
1.768000
1.767000
1.771000
1.786000
1.777000
1.771000
1.779000
1.773000
1.823000
1.788000
1.787000
1.785000
1.804000
1.780000
1.781000
1.786000
1.772000
1.886000
1.902000
1.890000
1.888000
1.893000
1.899000
1.880000
1.916000
1.920000
1.900000
1.906000
1.890000
1.891000
1.888000
1.914000
1.899000
1.902000
1.893000
1.883000
1.890000
1.900000
1.888000
1.894000
1.879000
1.883000
1.884000
1.883000
1.903000
1.906000
1.899000
1.883000
1.887000
1.882000
1.885000
1.887000
1.893000
1.900000
1.880000
2.128000
2.247000
2.254000
2.250000
2.242000
2.252000
2.243000
2.224000
2.252000
2.251000
2.240000
2.270000
2.273000
2.265000
2.226000
2.248000
2.251000
2.237000
2.229000
2.241000
2.236000
2.245000
2.246000
2.233000
2.241000
2.237000
